TCGA-AB-2802-03A-01D-0741-05	-0.000000	0.251328	0.118019	0.593060	0.471604	0.333512	0.676693	0.153520	0.921354	0.248195	1.032011	0.255230	0.536745	0.149866	0.513535	0.322034	0.688090	0.324173	0.290112	0.717106	0.462708	0.254022	0.418489	0.145339	1.003289	0.626168	0.226538	0.189585	0.157052	0.194782	0.173221	0.174727	0.939882	0.861339	0.881904	0.538700	0.559484	1.252739	0.186007	0.171991	0.508775	0.440383	1.079178	0.568636	0.176234	0.417641	0.413428	0.806347	0.518372	0.165148	0.479769	1.225847	1.012822	0.392315	0.168818	0.511948	0.261657	0.380121	0.801789	1.186782	0.329577	0.558465	0.333823	0.229999	0.509301	0.571349	0.138329	1.282152	0.215609	0.833401	1.193831	0.545882	0.601665	0.641683	0.169958	0.360953	0.295134	0.317984	0.545296	0.251685	0.146852
TCGA-AB-2803-03A-01D-0741-05	0.251328	-0.000000	0.183622	0.495650	0.434422	0.285144	0.607716	0.260267	0.781668	0.297455	1.137053	0.166558	0.489873	0.285081	0.497694	0.395283	0.714309	0.359625	0.185839	0.678794	0.385160	0.181184	0.604483	0.258052	0.836373	0.708125	0.218446	0.288348	0.255513	0.215350	0.232285	0.206507	0.793103	0.820799	0.904305	0.677390	0.510122	1.058535	0.180665	0.181165	0.458036	0.356403	0.858935	0.553014	0.219274	0.327548	0.418483	0.609775	0.550529	0.241265	0.409140	0.993859	0.854218	0.308389	0.168331	0.480268	0.198230	0.376178	0.694894	0.978691	0.376909	0.436023	0.293371	0.234385	0.484649	0.346324	0.227671	1.032945	0.297220	0.709899	0.967604	0.409864	0.700467	0.769157	0.220722	0.329433	0.338325	0.432029	0.426367	0.308391	0.212325
TCGA-AB-2804-03A-01D-0741-05	0.118019	0.183622	-0.000000	0.626257	0.434493	0.313190	0.724807	0.112973	1.038311	0.238883	1.152368	0.201536	0.555549	0.137712	0.598195	0.305405	0.783771	0.243799	0.202143	0.825923	0.506883	0.220207	0.501112	0.108508	1.135871	0.705904	0.158405	0.160736	0.164655	0.217794	0.120112	0.119848	1.067188	0.970759	0.998410	0.587052	0.592395	1.426317	0.151438	0.139576	0.445447	0.453067	1.169329	0.605230	0.108122	0.404556	0.439312	0.843642	0.582068	0.112258	0.514191	1.394409	1.208102	0.392891	0.077613	0.597045	0.195112	0.389805	0.893891	1.348333	0.394860	0.557498	0.293448	0.194813	0.590098	0.526588	0.091252	1.444874	0.212670	0.843767	1.350683	0.531649	0.648123	0.686790	0.125561	0.363660	0.286361	0.337656	0.513565	0.231456	0.105426
TCGA-AB-2805-03A-01D-0741-05	0.593060	0.495650	0.626257	-0.000000	0.517222	0.311207	0.305767	0.732851	0.310177	0.591706	0.549001	0.511727	0.263439	0.624345	0.465812	0.430394	0.457942	0.655053	0.493785	0.304929	0.320651	0.451630	0.440969	0.807052	0.306103	0.334824	0.584956	0.470018	0.552026	0.466488	0.722794	0.723351	0.332423	0.347269	0.414625	0.490462	0.331762	0.437797	0.521415	0.573875	0.547474	0.225573	0.437337	0.275129	0.639870	0.348911	0.328372	0.352854	0.350770	0.796426	0.299335	0.389619	0.368075	0.337689	0.602230	0.292742	0.558926	0.416709	0.293457	0.350447	0.391333	0.217063	0.436350	0.537411	0.312618	0.384769	0.738301	0.399624	0.436661	0.444452	0.369006	0.272412	0.420413	0.458212	0.637335	0.343630	0.452601	0.473946	0.282383	0.464322	0.636576
TCGA-AB-2806-03A-01D-0741-05	0.471604	0.434422	0.434493	0.517222	-0.000000	0.476089	0.379682	0.479619	0.620723	0.280443	0.649926	0.456251	0.411101	0.428173	0.357940	0.481986	0.329842	0.216743	0.374983	0.526896	0.628807	0.314787	0.347419	0.496618	0.605561	0.385538	0.423532	0.423876	0.500822	0.423266	0.496522	0.428678	0.545075	0.492428	0.525754	0.321508	0.452957	0.656682	0.446257	0.490580	0.313781	0.389134	0.521222	0.434157	0.437878	0.484753	0.467978	0.573422	0.335538	0.487567	0.508694	0.691963	0.553591	0.300722	0.418699	0.433613	0.368408	0.361891	0.640799	0.642998	0.449930	0.443294	0.334918	0.481120	0.424622	0.370514	0.453868	0.665120	0.337343	0.363865	0.680063	0.447062	0.628423	0.392447	0.514595	0.399558	0.435559	0.470603	0.448166	0.334785	0.524621
TCGA-AB-2807-03A-01D-0741-05	0.333512	0.285144	0.313190	0.311207	0.476089	-0.000000	0.475213	0.357741	0.554261	0.353280	0.869473	0.256987	0.317273	0.350677	0.449544	0.302848	0.578869	0.433142	0.248597	0.412987	0.327827	0.298975	0.461334	0.408574	0.578688	0.465786	0.258044	0.290371	0.287092	0.244654	0.375475	0.360511	0.589031	0.547676	0.664754	0.544468	0.331112	0.785678	0.313254	0.354001	0.398798	0.297646	0.683986	0.430211	0.331102	0.285071	0.312221	0.482126	0.365783	0.395014	0.322183	0.722142	0.636302	0.279837	0.305977	0.343997	0.261109	0.386163	0.491844	0.694853	0.333917	0.301917	0.271252	0.241086	0.332326	0.380359	0.355490	0.752981	0.318707	0.676881	0.703818	0.263605	0.558469	0.640991	0.331158	0.238677	0.370779	0.347129	0.268915	0.408670	0.334408
TCGA-AB-2808-03A-01D-0741-05	0.676693	0.607716	0.724807	0.305767	0.379682	0.475213	-0.000000	0.819346	0.266872	0.674609	0.373856	0.646581	0.327773	0.785852	0.322166	0.430381	0.305285	0.480892	0.596806	0.260870	0.372839	0.478080	0.361627	0.860135	0.247301	0.222200	0.719315	0.567558	0.607089	0.496377	0.813286	0.818931	0.245737	0.251427	0.279183	0.321113	0.246399	0.306883	0.579607	0.657325	0.453015	0.291160	0.273579	0.215961	0.765366	0.377243	0.346214	0.311366	0.223960	0.887527	0.268322	0.331839	0.301997	0.371877	0.662248	0.195177	0.676423	0.386992	0.359410	0.314067	0.364153	0.263302	0.428899	0.648656	0.252323	0.425282	0.819705	0.320887	0.508431	0.229951	0.339456	0.371671	0.484502	0.285548	0.777569	0.454666	0.640227	0.476260	0.377963	0.451350	0.734852
TCGA-AB-2809-03A-01D-0741-05	0.153520	0.260267	0.112973	0.732851	0.479619	0.357741	0.819346	-0.000000	1.195060	0.194344	1.329696	0.204722	0.654446	0.110155	0.717736	0.327166	0.897010	0.275641	0.245072	0.902949	0.580343	0.302467	0.565891	0.060145	1.310373	0.815904	0.119276	0.207870	0.159945	0.240617	0.080728	0.086369	1.213997	1.101206	1.154746	0.714202	0.638797	1.667231	0.215638	0.160875	0.512180	0.547872	1.336243	0.706520	0.104668	0.475993	0.527617	0.973982	0.627956	0.056269	0.547062	1.626805	1.291885	0.439817	0.128464	0.684978	0.179915	0.481340	1.024018	1.569017	0.423520	0.649469	0.311106	0.140900	0.671707	0.632574	0.057658	1.645239	0.255532	0.934105	1.571948	0.566177	0.697771	0.729228	0.109184	0.444273	0.325202	0.392670	0.539265	0.286050	0.109712
TCGA-AB-2810-03A-01D-0741-05	0.921354	0.781668	1.038311	0.310177	0.620723	0.554261	0.266872	1.195060	-0.000000	0.932177	0.312202	0.867069	0.414745	1.034020	0.377940	0.622209	0.346806	0.832751	0.749885	0.215248	0.397111	0.685941	0.467883	1.262800	0.149259	0.303213	0.980380	0.823740	0.903124	0.744811	1.186681	1.204408	0.171289	0.209672	0.246503	0.474119	0.381920	0.204147	0.804240	0.922278	0.551795	0.393586	0.215073	0.363165	1.081834	0.479155	0.453965	0.328638	0.413924	1.306968	0.395716	0.260635	0.198486	0.522000	0.981743	0.290234	0.905095	0.477136	0.187592	0.163405	0.460315	0.314224	0.642001	0.896899	0.330331	0.415182	1.205546	0.192546	0.732984	0.306395	0.144567	0.446026	0.424034	0.350438	1.061625	0.501368	0.710901	0.551336	0.491911	0.705216	1.055389
TCGA-AB-2811-03A-01D-0741-05	0.248195	0.297455	0.238883	0.591706	0.280443	0.353280	0.674609	0.194344	0.932177	-0.000000	1.149355	0.251559	0.594730	0.154105	0.541698	0.383953	0.647937	0.266047	0.283861	0.715456	0.637373	0.233273	0.458834	0.200928	0.948936	0.653130	0.179250	0.250355	0.251148	0.236845	0.236232	0.172437	0.885166	0.796342	0.901751	0.590622	0.525284	1.167575	0.311197	0.318725	0.403159	0.473601	0.946277	0.639345	0.200383	0.507756	0.409155	0.880848	0.503684	0.203438	0.563503	1.187686	0.915750	0.282497	0.246616	0.558730	0.201812	0.417376	0.838830	1.128148	0.420840	0.460877	0.293927	0.237410	0.508339	0.451289	0.191724	1.138105	0.236795	0.668435	1.169421	0.456117	0.638490	0.625205	0.230189	0.346405	0.230954	0.460127	0.495846	0.330027	0.262789
TCGA-AB-2812-03A-01D-0741-05	1.032011	1.137053	1.152368	0.549001	0.649926	0.869473	0.373856	1.329696	0.312202	1.149355	-0.000000	1.196690	0.501724	1.155386	0.448271	0.713303	0.269927	0.802071	1.156750	0.358667	0.650286	0.916040	0.399516	1.406531	0.252057	0.280116	1.277398	0.951343	1.063163	1.023257	1.327415	1.531994	0.237550	0.213143	0.144653	0.294570	0.534222	0.114190	0.903348	1.076701	0.562888	0.594396	0.155060	0.418872	1.229715	0.740680	0.605651	0.375676	0.456067	1.457703	0.584699	0.226758	0.227269	0.745385	1.146348	0.455365	1.390048	0.517251	0.392443	0.190774	0.683062	0.542555	0.771788	1.144917	0.430414	0.554633	1.353757	0.192379	0.832179	0.317678	0.202803	0.586938	0.352762	0.310954	1.253113	0.712924	0.792192	0.619394	0.670902	0.786255	1.172075
TCGA-AB-2813-03A-01D-0741-05	0.255230	0.166558	0.201536	0.511727	0.456251	0.256987	0.646581	0.204722	0.867069	0.251559	1.196690	-0.000000	0.468565	0.262468	0.537298	0.342113	0.770686	0.331347	0.138563	0.630188	0.462008	0.218831	0.589174	0.214415	0.905559	0.710364	0.187061	0.241304	0.217870	0.203118	0.183676	0.187796	0.842072	0.845727	0.973275	0.693869	0.445182	1.120511	0.245562	0.204825	0.444748	0.353578	0.900445	0.542332	0.195665	0.261694	0.426199	0.647152	0.486357	0.195993	0.402087	1.077570	0.909640	0.278363	0.170554	0.477391	0.178440	0.422816	0.743214	1.043798	0.419535	0.435840	0.317872	0.199038	0.497774	0.399565	0.182304	1.150037	0.287625	0.721282	1.045531	0.373082	0.738828	0.775968	0.192562	0.342659	0.353373	0.403429	0.346619	0.357980	0.195898
TCGA-AB-2814-03A-01D-0741-05	0.536745	0.489873	0.555549	0.263439	0.411101	0.317273	0.327773	0.654446	0.414745	0.594730	0.501724	0.468565	-0.000000	0.664011	0.330855	0.485890	0.343021	0.432571	0.402806	0.334403	0.305998	0.475258	0.306332	0.713947	0.364365	0.252679	0.511245	0.478671	0.461324	0.445396	0.622350	0.631728	0.354643	0.320668	0.356122	0.359412	0.297106	0.452481	0.437514	0.494905	0.440086	0.299149	0.435215	0.244196	0.554755	0.307216	0.310988	0.261708	0.220971	0.687422	0.244474	0.449759	0.365550	0.381569	0.511147	0.259093	0.511491	0.350473	0.439624	0.411390	0.428786	0.318863	0.334023	0.478811	0.269750	0.427049	0.650197	0.499963	0.458110	0.471115	0.477503	0.291961	0.412940	0.493125	0.568286	0.351695	0.494110	0.374213	0.231668	0.413587	0.562206
TCGA-AB-2815-03A-01D-0741-05	0.149866	0.285081	0.137712	0.624345	0.428173	0.350677	0.785852	0.110155	1.034020	0.154105	1.155386	0.262468	0.664011	-0.000000	0.602932	0.302194	0.777956	0.319016	0.314336	0.781247	0.556171	0.267114	0.475314	0.114141	1.126194	0.723554	0.135998	0.183803	0.178341	0.209497	0.143007	0.132412	1.046645	0.950254	0.991968	0.632088	0.654993	1.413399	0.243724	0.211382	0.496449	0.508999	1.152777	0.676209	0.114817	0.520458	0.497252	0.980228	0.616103	0.120393	0.580901	1.389850	1.144182	0.370590	0.169612	0.631706	0.243841	0.397465	0.883474	1.336379	0.355619	0.579050	0.365819	0.180981	0.585243	0.543323	0.104386	1.387819	0.178254	0.889237	1.344767	0.526009	0.675641	0.626022	0.112821	0.366061	0.258296	0.361345	0.618369	0.280883	0.149614
TCGA-AB-2816-03A-01D-0742-05	0.513535	0.497694	0.598195	0.465812	0.357940	0.449544	0.322166	0.717736	0.377940	0.541698	0.448271	0.537298	0.330855	0.602932	-0.000000	0.483024	0.264570	0.420050	0.510359	0.300485	0.387737	0.411757	0.283678	0.720296	0.322535	0.274551	0.577963	0.547807	0.533541	0.439383	0.678943	0.684700	0.309004	0.338181	0.337162	0.266696	0.367217	0.388698	0.502738	0.580305	0.484999	0.377156	0.356075	0.316874	0.635454	0.455738	0.403546	0.328048	0.315507	0.743959	0.321544	0.423983	0.379500	0.347617	0.593292	0.229358	0.647815	0.306927	0.393064	0.387222	0.328489	0.377439	0.395864	0.563922	0.256576	0.381323	0.693316	0.417793	0.438401	0.372351	0.391223	0.407024	0.565895	0.378398	0.625275	0.473496	0.600187	0.324421	0.444472	0.447485	0.618754
TCGA-AB-2817-03A-01D-0742-05	0.322034	0.395283	0.305405	0.430394	0.481986	0.302848	0.430381	0.327166	0.622209	0.383953	0.713303	0.342113	0.485890	0.302194	0.483024	-0.000000	0.595306	0.395535	0.376803	0.450915	0.408582	0.303814	0.341864	0.359743	0.653298	0.442726	0.338787	0.266829	0.288758	0.267958	0.331930	0.406081	0.604659	0.605246	0.629282	0.415730	0.368448	0.825826	0.300725	0.296229	0.469650	0.340560	0.721604	0.430385	0.349171	0.407177	0.408721	0.645090	0.420921	0.349399	0.367158	0.857334	0.663273	0.261558	0.315701	0.375630	0.426503	0.275956	0.539955	0.770182	0.320895	0.349732	0.317106	0.317592	0.361590	0.418092	0.317596	0.823095	0.258583	0.616233	0.767020	0.377688	0.532311	0.481361	0.349303	0.374722	0.354810	0.342501	0.419685	0.359160	0.336792
TCGA-AB-2818-03A-01D-0741-05	0.688090	0.714309	0.783771	0.457942	0.329842	0.578869	0.305285	0.897010	0.346806	0.647937	0.269927	0.770686	0.343021	0.777956	0.264570	0.595306	-0.000000	0.500120	0.668248	0.300642	0.521929	0.563362	0.248994	0.936906	0.298040	0.198683	0.743892	0.662896	0.683313	0.606745	0.886500	0.903696	0.249247	0.200469	0.211758	0.211065	0.373288	0.268811	0.681048	0.777770	0.367892	0.386767	0.246448	0.323477	0.791738	0.566863	0.423982	0.343306	0.285338	0.963496	0.372554	0.372201	0.222414	0.474745	0.766636	0.299377	0.807103	0.436209	0.385430	0.291375	0.440992	0.397187	0.474695	0.731832	0.263927	0.383575	0.900425	0.297877	0.554483	0.240050	0.315389	0.457627	0.360452	0.280489	0.826410	0.430042	0.534257	0.425607	0.496482	0.559518	0.817575
TCGA-AB-2819-03A-01D-0741-05	0.324173	0.359625	0.243799	0.655053	0.216743	0.433142	0.480892	0.275641	0.832751	0.266047	0.802071	0.331347	0.432571	0.319016	0.420050	0.395535	0.500120	-0.000000	0.305074	0.683091	0.586611	0.319786	0.390590	0.286895	0.780972	0.482658	0.284815	0.311229	0.317703	0.355896	0.301218	0.271223	0.731767	0.673439	0.671731	0.390632	0.426964	0.941363	0.268075	0.315642	0.386586	0.466015	0.767530	0.475742	0.248136	0.452184	0.521600	0.627201	0.379058	0.284197	0.435645	0.975658	0.787159	0.367284	0.228478	0.465228	0.290590	0.358670	0.834439	0.908609	0.461573	0.516058	0.275936	0.333760	0.507982	0.499702	0.256707	0.925702	0.269393	0.533834	0.981860	0.486016	0.710594	0.464259	0.299456	0.496899	0.413193	0.365413	0.442375	0.268859	0.317514
TCGA-AB-2820-03A-01D-0741-05	0.290112	0.185839	0.202143	0.493785	0.374983	0.248597	0.596806	0.245072	0.749885	0.283861	1.156750	0.138563	0.402806	0.314336	0.510359	0.376803	0.668248	0.305074	-0.000000	0.622512	0.480465	0.259002	0.497390	0.266474	0.828546	0.645155	0.214978	0.286228	0.264514	0.228989	0.214234	0.218647	0.785391	0.749176	0.875198	0.636586	0.415532	1.069994	0.267218	0.229447	0.368545	0.318152	0.860861	0.519701	0.211494	0.242512	0.360748	0.589327	0.447774	0.239038	0.380219	0.988779	0.836717	0.302929	0.171623	0.445159	0.161265	0.414472	0.738996	0.960389	0.427946	0.393557	0.278788	0.236223	0.477873	0.372525	0.231218	1.065261	0.311820	0.715589	0.960268	0.338337	0.676164	0.757136	0.234209	0.272409	0.379224	0.416142	0.345274	0.338619	0.221100
TCGA-AB-2821-03A-01D-0741-05	0.717106	0.678794	0.825923	0.304929	0.526896	0.412987	0.260870	0.902949	0.215248	0.715456	0.358667	0.630188	0.334403	0.781247	0.300485	0.450915	0.300642	0.683091	0.622512	-0.000000	0.333239	0.542514	0.344159	0.952763	0.185963	0.231973	0.735332	0.613138	0.653203	0.546341	0.896377	0.915065	0.171129	0.212695	0.225787	0.362135	0.265200	0.269433	0.635865	0.749198	0.526731	0.300858	0.296347	0.250038	0.843133	0.347285	0.372532	0.218918	0.275567	0.984965	0.259610	0.305272	0.246380	0.370177	0.787146	0.173847	0.741617	0.387634	0.209902	0.221432	0.347946	0.216330	0.475997	0.674506	0.172484	0.362519	0.910455	0.272011	0.589012	0.350236	0.250290	0.365087	0.411103	0.354429	0.807003	0.360317	0.575324	0.391746	0.380825	0.601748	0.798685
TCGA-AB-2822-03A-01D-0741-05	0.462708	0.385160	0.506883	0.320651	0.628807	0.327827	0.372839	0.580343	0.397111	0.637373	0.650286	0.462008	0.305998	0.556171	0.387737	0.408582	0.521929	0.586611	0.480465	0.333239	-0.000000	0.468002	0.470736	0.577492	0.396850	0.431146	0.459886	0.438277	0.372713	0.371539	0.542595	0.575250	0.436801	0.460684	0.469079	0.579094	0.412413	0.549170	0.425682	0.399978	0.602866	0.371647	0.561698	0.313164	0.539403	0.375434	0.413395	0.411551	0.406447	0.597221	0.277081	0.555776	0.450103	0.412935	0.478776	0.302295	0.544062	0.433692	0.276398	0.478417	0.228300	0.353723	0.440870	0.430262	0.333528	0.535662	0.548933	0.529240	0.433364	0.645693	0.505881	0.446365	0.566674	0.532867	0.482484	0.398850	0.500853	0.315534	0.441213	0.416690	0.493671
TCGA-AB-2823-03A-01D-0741-05	0.254022	0.181184	0.220207	0.451630	0.314787	0.298975	0.478080	0.302467	0.685941	0.233273	0.916040	0.218831	0.475258	0.267114	0.411757	0.303814	0.563362	0.319786	0.259002	0.542514	0.468002	-0.000000	0.473818	0.317102	0.707381	0.489073	0.261264	0.253271	0.293298	0.216670	0.318074	0.262504	0.688226	0.658920	0.719745	0.483311	0.423864	0.886445	0.196834	0.262739	0.371228	0.295364	0.761748	0.499716	0.293691	0.377317	0.307978	0.613890	0.458843	0.322357	0.446444	0.875735	0.774255	0.274582	0.238184	0.403039	0.264572	0.270382	0.664210	0.842931	0.345846	0.347427	0.280517	0.290687	0.391223	0.278350	0.275622	0.902710	0.211356	0.513351	0.842582	0.381157	0.550793	0.590913	0.309160	0.281812	0.312649	0.430177	0.392305	0.309951	0.293675
TCGA-AB-2824-03A-01D-0741-05	0.418489	0.604483	0.501112	0.440969	0.347419	0.461334	0.361627	0.565891	0.467883	0.458834	0.399516	0.589174	0.306332	0.475314	0.283678	0.341864	0.248994	0.390590	0.497390	0.344159	0.470736	0.473818	-0.000000	0.569949	0.437604	0.213753	0.551700	0.443896	0.433470	0.423418	0.545719	0.646428	0.401866	0.346518	0.314238	0.167530	0.392500	0.505192	0.441829	0.482868	0.467718	0.353726	0.451046	0.302808	0.492184	0.499210	0.352047	0.467164	0.307052	0.591796	0.352202	0.580413	0.383710	0.334409	0.506776	0.292407	0.624023	0.256244	0.507429	0.496086	0.368972	0.347181	0.349416	0.514017	0.255991	0.438864	0.551650	0.548858	0.338127	0.465201	0.559413	0.368784	0.327990	0.302425	0.522681	0.364561	0.444250	0.269755	0.413495	0.391262	0.511309
TCGA-AB-2825-03A-01D-0741-05	0.145339	0.258052	0.108508	0.807052	0.496618	0.408574	0.860135	0.060145	1.262800	0.200928	1.406531	0.214415	0.713947	0.114141	0.720296	0.359743	0.936906	0.286895	0.266474	0.952763	0.577492	0.317102	0.569949	-0.000000	1.386716	0.861768	0.138090	0.205213	0.167074	0.234717	0.072912	0.071724	1.283078	1.175527	1.213293	0.733729	0.710788	1.778187	0.226933	0.162198	0.580056	0.600487	1.420515	0.736847	0.103543	0.497191	0.551195	1.072519	0.689491	0.041128	0.587105	1.755155	1.362130	0.449634	0.125058	0.722654	0.186802	0.521257	1.061801	1.669056	0.434898	0.689681	0.356712	0.180342	0.710401	0.686844	0.052122	1.741551	0.267575	1.031998	1.672295	0.642110	0.719839	0.756307	0.101390	0.476957	0.339027	0.381708	0.606315	0.299807	0.108451
TCGA-AB-2826-03A-01D-0741-05	1.003289	0.836373	1.135871	0.306103	0.605561	0.578688	0.247301	1.310373	0.149259	0.948936	0.252057	0.905559	0.364365	1.126194	0.322535	0.653298	0.298040	0.780972	0.828546	0.185963	0.396850	0.707381	0.437604	1.386716	-0.000000	0.254824	1.068373	0.896975	0.955560	0.809646	1.300975	1.320870	0.131987	0.156823	0.189568	0.362484	0.325155	0.149724	0.874399	1.008832	0.509308	0.413611	0.178010	0.331755	1.183417	0.516776	0.435510	0.216059	0.354699	1.436860	0.387469	0.179314	0.142068	0.533673	1.073848	0.278450	1.002128	0.480531	0.188501	0.086992	0.507230	0.314332	0.651499	0.973954	0.290763	0.386479	1.322149	0.139129	0.782129	0.276449	0.127960	0.408076	0.414180	0.363763	1.162561	0.510052	0.739850	0.582468	0.436555	0.746003	1.148002
TCGA-AB-2827-03A-01D-0741-05	0.626168	0.708125	0.705904	0.334824	0.385538	0.465786	0.222200	0.815904	0.303213	0.653130	0.280116	0.710364	0.252679	0.723554	0.274551	0.442726	0.198683	0.482658	0.645155	0.231973	0.431146	0.489073	0.213753	0.861768	0.254824	-0.000000	0.722367	0.544173	0.591656	0.555768	0.819738	0.866146	0.233211	0.229439	0.189267	0.217109	0.305718	0.301994	0.561382	0.690051	0.375793	0.321358	0.282945	0.238653	0.730787	0.453117	0.332051	0.315881	0.253329	0.891128	0.302805	0.356148	0.231898	0.435221	0.679863	0.234765	0.759019	0.331966	0.355416	0.287523	0.376206	0.283130	0.464067	0.644604	0.229899	0.416047	0.823069	0.351119	0.480270	0.305124	0.330581	0.381345	0.354567	0.247893	0.764442	0.423383	0.542228	0.365962	0.380107	0.515000	0.735966
TCGA-AB-2828-03A-01D-0741-05	0.226538	0.218446	0.158405	0.584956	0.423532	0.258044	0.719315	0.119276	0.980380	0.179250	1.277398	0.187061	0.511245	0.135998	0.577963	0.338787	0.743892	0.284815	0.214978	0.735332	0.459886	0.261264	0.551700	0.138090	1.068373	0.722367	-0.000000	0.215655	0.167807	0.195532	0.160211	0.119834	0.992590	0.900620	0.985847	0.726094	0.561299	1.337060	0.240617	0.206177	0.495490	0.461417	1.093883	0.569876	0.118731	0.431645	0.495684	0.836585	0.548158	0.138090	0.444027	1.314254	1.074698	0.355169	0.160856	0.560540	0.174816	0.448763	0.835930	1.265503	0.340754	0.542500	0.258424	0.109136	0.546427	0.501821	0.125698	1.313338	0.234212	0.834016	1.267665	0.465645	0.787882	0.703143	0.116143	0.363021	0.300196	0.364953	0.476037	0.322558	0.175887
TCGA-AB-2829-03A-01D-0741-05	0.189585	0.288348	0.160736	0.470018	0.423876	0.290371	0.567558	0.207870	0.823740	0.250355	0.951343	0.241304	0.478671	0.183803	0.547807	0.266829	0.662896	0.311229	0.286228	0.613138	0.438277	0.253271	0.443896	0.205213	0.896975	0.544173	0.215655	-0.000000	0.162862	0.217854	0.199374	0.203101	0.847465	0.753849	0.792736	0.538710	0.425915	1.118250	0.224205	0.216578	0.456805	0.358850	0.914337	0.520944	0.212562	0.359482	0.365647	0.779596	0.410415	0.216092	0.460253	1.111560	0.953959	0.304243	0.177072	0.466813	0.244326	0.364825	0.733437	1.060358	0.335285	0.416524	0.302713	0.244571	0.468677	0.520702	0.176975	1.139720	0.173100	0.711653	1.062119	0.413966	0.520970	0.608026	0.193191	0.287237	0.211857	0.307904	0.468813	0.203256	0.175852
TCGA-AB-2830-03A-01D-0741-05	0.157052	0.255513	0.164655	0.552026	0.500822	0.287092	0.607089	0.159945	0.903124	0.251148	1.063163	0.217870	0.461324	0.178341	0.533541	0.288758	0.683313	0.317703	0.264514	0.653203	0.372713	0.293298	0.433470	0.167074	0.955560	0.591656	0.167807	0.162862	-0.000000	0.156372	0.173486	0.178043	0.927148	0.804656	0.839516	0.566392	0.448221	1.191891	0.216525	0.185737	0.521522	0.421336	0.978847	0.503660	0.174788	0.342283	0.396399	0.748314	0.443619	0.176211	0.391772	1.166567	0.946170	0.330273	0.155310	0.495701	0.248737	0.424081	0.737122	1.129709	0.291615	0.503700	0.288000	0.167067	0.469404	0.591546	0.136857	1.171342	0.187598	0.820397	1.168272	0.474184	0.619329	0.637229	0.149959	0.297061	0.252868	0.295381	0.472988	0.241128	0.153993
TCGA-AB-2831-03A-01D-0741-05	0.194782	0.215350	0.217794	0.466488	0.423266	0.244654	0.496377	0.240617	0.744811	0.236845	1.023257	0.203118	0.445396	0.209497	0.439383	0.267958	0.606745	0.355896	0.228989	0.546341	0.371539	0.216670	0.423418	0.234717	0.809646	0.555768	0.195532	0.217854	0.156372	-0.000000	0.227708	0.222296	0.752230	0.684076	0.773164	0.546184	0.417500	1.010422	0.218912	0.212977	0.434583	0.347624	0.855470	0.442034	0.217054	0.323546	0.348408	0.649423	0.396664	0.244442	0.346806	0.989257	0.796419	0.222178	0.209855	0.385125	0.238946	0.371397	0.651577	0.958296	0.262371	0.398603	0.263124	0.213968	0.380670	0.430847	0.203003	0.997647	0.200250	0.689759	0.968777	0.388710	0.584215	0.601113	0.207574	0.254753	0.260874	0.325617	0.422213	0.288467	0.212876
TCGA-AB-2832-03A-01D-0741-05	0.173221	0.232285	0.120112	0.722794	0.496522	0.375475	0.813286	0.080728	1.186681	0.236232	1.327415	0.183676	0.622350	0.143007	0.678943	0.331930	0.886500	0.301218	0.214234	0.896377	0.542595	0.318074	0.545719	0.072912	1.300975	0.819738	0.160211	0.199374	0.173486	0.227708	-0.000000	0.097279	1.205459	1.093575	1.140721	0.699116	0.648761	1.655234	0.217827	0.120400	0.499828	0.542561	1.330545	0.699401	0.110575	0.425859	0.522426	0.946007	0.620596	0.043773	0.540550	1.613931	1.278386	0.425395	0.118951	0.677601	0.204974	0.466226	1.012483	1.556862	0.452819	0.644605	0.346293	0.178062	0.674639	0.618111	0.065579	1.643074	0.267970	0.946195	1.559757	0.559759	0.680603	0.762599	0.095446	0.455585	0.327548	0.385049	0.545688	0.269843	0.084004
TCGA-AB-2833-03A-01D-0741-05	0.174727	0.206507	0.119848	0.723351	0.428678	0.360511	0.818931	0.086369	1.204408	0.172437	1.531994	0.187796	0.631728	0.132412	0.684700	0.406081	0.903696	0.271223	0.218647	0.915065	0.575250	0.262504	0.646428	0.071724	1.320870	0.866146	0.119834	0.203101	0.178043	0.222296	0.097279	-0.000000	1.236160	1.109713	1.214609	0.787246	0.640759	1.682263	0.222615	0.180194	0.510586	0.540414	1.351758	0.708989	0.105981	0.440036	0.520375	0.961321	0.628229	0.063988	0.567098	1.641236	1.375450	0.405737	0.127420	0.698306	0.139746	0.526202	1.043499	1.582633	0.429451	0.659274	0.320851	0.155189	0.681333	0.604692	0.075689	1.648923	0.276001	0.926118	1.585604	0.568141	0.783545	0.820132	0.122738	0.422576	0.294525	0.439181	0.538916	0.303498	0.124563
TCGA-AB-2834-03A-01D-0741-05	0.939882	0.793103	1.067188	0.332423	0.545075	0.589031	0.245737	1.213997	0.171289	0.885166	0.237550	0.842072	0.354643	1.046645	0.309004	0.604659	0.249247	0.731767	0.785391	0.171129	0.436801	0.688226	0.401866	1.283078	0.131987	0.233211	0.992590	0.847465	0.927148	0.752230	1.205459	1.236160	-0.000000	0.181592	0.177834	0.372824	0.354087	0.150173	0.804828	0.961401	0.544612	0.387186	0.179909	0.279901	1.090567	0.480979	0.466441	0.199474	0.362598	1.328171	0.347775	0.220687	0.152654	0.490822	0.997184	0.252508	0.946339	0.454822	0.216807	0.105348	0.462970	0.290220	0.604161	0.904028	0.272645	0.355788	1.224685	0.158350	0.715451	0.258473	0.136324	0.459162	0.438233	0.306427	1.092465	0.521747	0.683174	0.571968	0.462404	0.724539	1.075579
TCGA-AB-2835-03A-01D-0741-05	0.861339	0.820799	0.970759	0.347269	0.492428	0.547676	0.251427	1.101206	0.209672	0.796342	0.213143	0.845727	0.320668	0.950254	0.338181	0.605246	0.200469	0.673439	0.749176	0.212695	0.460684	0.658920	0.346518	1.175527	0.156823	0.229439	0.900620	0.753849	0.804656	0.684076	1.093575	1.109713	0.181592	-0.000000	0.148227	0.288975	0.307065	0.172962	0.745531	0.886161	0.414652	0.413308	0.166338	0.297586	0.994674	0.489857	0.373342	0.263497	0.250880	1.202562	0.362017	0.259043	0.178827	0.491503	0.920541	0.265779	0.925690	0.441042	0.275514	0.172697	0.490211	0.334234	0.533478	0.828090	0.246270	0.398492	1.110748	0.224243	0.709935	0.232418	0.222603	0.366093	0.346648	0.317971	0.979192	0.445566	0.580177	0.541591	0.436395	0.660662	0.971043
TCGA-AB-2836-03A-01D-0741-05	0.881904	0.904305	0.998410	0.414625	0.525754	0.664754	0.279183	1.154746	0.246503	0.901751	0.144653	0.973275	0.356122	0.991968	0.337162	0.629282	0.211758	0.671731	0.875198	0.225787	0.469079	0.719745	0.314238	1.213293	0.189568	0.189267	0.985847	0.792736	0.839516	0.773164	1.140721	1.214609	0.177834	0.148227	-0.000000	0.250125	0.378212	0.155436	0.758120	0.890556	0.523159	0.459807	0.183686	0.302935	1.031200	0.552976	0.454790	0.259579	0.313943	1.255282	0.404874	0.222136	0.164173	0.563212	0.944141	0.299469	1.075916	0.431144	0.325035	0.173044	0.499452	0.398365	0.583628	0.896092	0.286441	0.483774	1.158731	0.209589	0.697029	0.301009	0.207862	0.443909	0.335876	0.296991	1.021399	0.547676	0.658024	0.517007	0.505931	0.673890	1.007852
TCGA-AB-2837-03A-01D-0741-05	0.538700	0.677390	0.587052	0.490462	0.321508	0.544468	0.321113	0.714202	0.474119	0.590622	0.294570	0.693869	0.359412	0.632088	0.266696	0.415730	0.211065	0.390632	0.636586	0.362135	0.579094	0.483311	0.167530	0.733729	0.362484	0.217109	0.726094	0.538710	0.566392	0.546184	0.699116	0.787246	0.372824	0.288975	0.250125	-0.000000	0.371094	0.400165	0.523448	0.602891	0.409765	0.388591	0.369508	0.368447	0.662122	0.530361	0.410510	0.389569	0.286025	0.746283	0.434048	0.441152	0.341560	0.410490	0.614349	0.327251	0.756835	0.288029	0.526249	0.407888	0.487439	0.422093	0.420790	0.691977	0.296737	0.406875	0.699212	0.453995	0.413424	0.314902	0.475175	0.415381	0.352773	0.293768	0.706885	0.457662	0.530471	0.357241	0.435704	0.435939	0.641982
TCGA-AB-2838-03A-01D-0741-05	0.559484	0.510122	0.592395	0.331762	0.452957	0.331112	0.246399	0.638797	0.381920	0.525284	0.534222	0.445182	0.297106	0.654993	0.367217	0.368448	0.373288	0.426964	0.415532	0.265200	0.412413	0.423864	0.392500	0.710788	0.325155	0.305718	0.561299	0.425915	0.448221	0.417500	0.648761	0.640759	0.354087	0.307065	0.378212	0.371094	-0.000000	0.454647	0.496015	0.588111	0.404490	0.270864	0.366903	0.282922	0.618914	0.231071	0.303105	0.273094	0.171129	0.697523	0.256330	0.434006	0.362600	0.315542	0.579881	0.227639	0.478354	0.371056	0.456808	0.392074	0.448214	0.233956	0.344325	0.518936	0.264167	0.395932	0.639258	0.440632	0.474838	0.400248	0.469365	0.208469	0.464351	0.481600	0.637638	0.329385	0.497516	0.448270	0.256268	0.481949	0.589579
TCGA-AB-2839-03A-01D-0741-05	1.252739	1.058535	1.426317	0.437797	0.656682	0.785678	0.306883	1.667231	0.204147	1.167575	0.114190	1.120511	0.452481	1.413399	0.388698	0.825826	0.268811	0.941363	1.069994	0.269433	0.549170	0.886445	0.505192	1.778187	0.149724	0.301994	1.337060	1.118250	1.191891	1.010422	1.655234	1.682263	0.150173	0.172962	0.155436	0.400165	0.454647	-0.000000	1.075759	1.294671	0.557163	0.551439	0.113198	0.375773	1.477068	0.661749	0.559505	0.279536	0.430068	1.853277	0.508715	0.128877	0.151709	0.683272	1.344239	0.385699	1.299065	0.597577	0.267115	0.097577	0.652211	0.447954	0.814788	1.213704	0.391759	0.480772	1.684099	0.090469	0.964849	0.275648	0.103495	0.531244	0.436718	0.389913	1.482718	0.664748	0.853627	0.723373	0.565200	0.942075	1.442286
TCGA-AB-2840-03A-01D-0741-05	0.186007	0.180665	0.151438	0.521415	0.446257	0.313254	0.579607	0.215638	0.804240	0.311197	0.903348	0.245562	0.437514	0.243724	0.502738	0.300725	0.681048	0.268075	0.267218	0.635865	0.425682	0.196834	0.441829	0.226933	0.874399	0.561382	0.240617	0.224205	0.216525	0.218912	0.217827	0.222615	0.804828	0.745531	0.758120	0.523448	0.496015	1.075759	-0.000000	0.174665	0.493221	0.400386	0.890667	0.483702	0.217471	0.372538	0.391424	0.625293	0.482008	0.225883	0.416957	1.053181	0.908826	0.318424	0.161542	0.443749	0.237305	0.303014	0.726826	1.022905	0.384381	0.438219	0.267400	0.251192	0.453338	0.450279	0.191688	1.094805	0.255146	0.747331	1.021901	0.430862	0.548474	0.598600	0.216141	0.347990	0.320987	0.346420	0.423901	0.278002	0.195124
TCGA-AB-2841-03A-01D-0741-05	0.171991	0.181165	0.139576	0.573875	0.490580	0.354001	0.657325	0.160875	0.922278	0.318725	1.076701	0.204825	0.494905	0.211382	0.580305	0.296229	0.777770	0.315642	0.229447	0.749198	0.399978	0.262739	0.482868	0.162198	1.008832	0.690051	0.206177	0.216578	0.185737	0.212977	0.120400	0.180194	0.961401	0.886161	0.890556	0.602891	0.588111	1.294671	0.174665	-0.000000	0.494274	0.433339	1.089141	0.570723	0.163426	0.375092	0.454757	0.736796	0.568441	0.139330	0.421745	1.231512	1.015261	0.392092	0.125247	0.526800	0.265235	0.350455	0.784732	1.194603	0.367482	0.511787	0.319400	0.210533	0.551735	0.512454	0.134095	1.293279	0.237988	0.790313	1.195577	0.506430	0.590613	0.635280	0.127595	0.377694	0.337516	0.365514	0.497268	0.226364	0.120606
TCGA-AB-2842-03A-01D-0741-05	0.508775	0.458036	0.445447	0.547474	0.313781	0.398798	0.453015	0.512180	0.551795	0.403159	0.562888	0.444748	0.440086	0.496449	0.484999	0.469650	0.367892	0.386586	0.368545	0.526731	0.602866	0.371228	0.467718	0.580056	0.509308	0.375793	0.495490	0.456805	0.521522	0.434583	0.499828	0.510586	0.544612	0.414652	0.523159	0.409765	0.404490	0.557163	0.493221	0.494274	-0.000000	0.477369	0.457486	0.548605	0.495112	0.453336	0.291191	0.524313	0.346217	0.547206	0.513855	0.652921	0.495968	0.437629	0.456681	0.460563	0.477501	0.450437	0.622327	0.564861	0.536719	0.417470	0.453528	0.536326	0.443317	0.369806	0.523488	0.658036	0.468056	0.426413	0.638217	0.345966	0.427755	0.548253	0.542545	0.335547	0.346784	0.611182	0.400349	0.531606	0.500274
TCGA-AB-2843-03A-01D-0741-05	0.440383	0.356403	0.453067	0.225573	0.389134	0.297646	0.291160	0.547872	0.393586	0.473601	0.594396	0.353578	0.299149	0.508999	0.377156	0.340560	0.386767	0.466015	0.318152	0.300858	0.371647	0.295364	0.353726	0.600487	0.413611	0.321358	0.461417	0.358850	0.421336	0.347624	0.542561	0.540414	0.387186	0.413308	0.459807	0.388591	0.270864	0.551439	0.400386	0.433339	0.477369	-0.000000	0.488675	0.288429	0.519852	0.243273	0.337529	0.394721	0.319541	0.586819	0.244348	0.529979	0.446604	0.243851	0.433566	0.248680	0.427789	0.311025	0.407993	0.478803	0.311910	0.210210	0.338638	0.463491	0.251690	0.278786	0.537090	0.530423	0.324297	0.376367	0.483658	0.290095	0.486742	0.448573	0.532668	0.264386	0.433370	0.360094	0.324151	0.359125	0.484741
TCGA-AB-2844-03A-01D-0741-05	1.079178	0.858935	1.169329	0.437337	0.521222	0.683986	0.273579	1.336243	0.215073	0.946277	0.155060	0.900445	0.435215	1.152777	0.356075	0.721604	0.246448	0.767530	0.860861	0.296347	0.561698	0.761748	0.451046	1.420515	0.178010	0.282945	1.093883	0.914337	0.978847	0.855470	1.330545	1.351758	0.179909	0.166338	0.183686	0.369508	0.366903	0.113198	0.890667	1.089141	0.457486	0.488675	-0.000000	0.375503	1.196531	0.543258	0.475978	0.305268	0.381144	1.466269	0.490151	0.186978	0.167350	0.569295	1.103667	0.361023	1.037037	0.517475	0.289167	0.153525	0.602334	0.370692	0.677963	1.018550	0.359293	0.455849	1.348364	0.155014	0.787232	0.253550	0.154899	0.426145	0.471064	0.330418	1.223230	0.532396	0.748369	0.688845	0.515730	0.796059	1.181273
TCGA-AB-2845-03A-01D-0741-05	0.568636	0.553014	0.605230	0.275129	0.434157	0.430211	0.215961	0.706520	0.363165	0.639345	0.418872	0.542332	0.244196	0.676209	0.316874	0.430385	0.323477	0.475742	0.519701	0.250038	0.313164	0.499716	0.302808	0.736847	0.331755	0.238653	0.569876	0.520944	0.503660	0.442034	0.699401	0.708989	0.279901	0.297586	0.302935	0.368447	0.282922	0.375773	0.483702	0.570723	0.548605	0.288429	0.375503	-0.000000	0.621465	0.339049	0.396171	0.300848	0.254012	0.762714	0.218567	0.417000	0.376528	0.359169	0.585696	0.204562	0.638022	0.352514	0.336664	0.363080	0.334361	0.270742	0.365803	0.523055	0.225461	0.418914	0.702616	0.394272	0.486082	0.361389	0.408879	0.361647	0.491518	0.303856	0.641002	0.459706	0.539205	0.337878	0.360349	0.447816	0.630953
TCGA-AB-2846-03A-01D-0741-05	0.176234	0.219274	0.108122	0.639870	0.437878	0.331102	0.765366	0.104668	1.081834	0.200383	1.229715	0.195665	0.554755	0.114817	0.635454	0.349171	0.791738	0.248136	0.211494	0.843133	0.539403	0.293691	0.492184	0.103543	1.183417	0.730787	0.118731	0.212562	0.174788	0.217054	0.110575	0.105981	1.090567	0.994674	1.031200	0.662122	0.618914	1.477068	0.217471	0.163426	0.495112	0.519852	1.196531	0.621465	-0.000000	0.436735	0.499439	0.859282	0.611475	0.089163	0.492549	1.443527	1.163587	0.408825	0.095221	0.613765	0.171236	0.405729	0.980034	1.395187	0.413353	0.586182	0.308752	0.137265	0.601045	0.541885	0.098704	1.449829	0.197462	0.876033	1.401136	0.528381	0.703825	0.655625	0.081143	0.386415	0.322792	0.343924	0.520617	0.245534	0.128005
TCGA-AB-2847-03A-01D-0741-05	0.417641	0.327548	0.404556	0.348911	0.484753	0.285071	0.377243	0.475993	0.479155	0.507756	0.740680	0.261694	0.307216	0.520458	0.455738	0.407177	0.566863	0.452184	0.242512	0.347285	0.375434	0.377317	0.499210	0.497191	0.516776	0.453117	0.431645	0.359482	0.342283	0.323546	0.425859	0.440036	0.480979	0.489857	0.552976	0.530361	0.231071	0.661749	0.372538	0.375092	0.453336	0.243273	0.543258	0.339049	0.436735	-0.000000	0.368043	0.337708	0.298013	0.478415	0.262326	0.608355	0.543459	0.327289	0.376615	0.289640	0.353529	0.401585	0.500728	0.587098	0.421373	0.277142	0.358380	0.371759	0.359355	0.393483	0.445243	0.664889	0.423208	0.544401	0.589106	0.322315	0.537315	0.586113	0.408383	0.268849	0.472690	0.393041	0.307389	0.430036	0.375816
TCGA-AB-2848-03A-01D-0741-05	0.413428	0.418483	0.439312	0.328372	0.467978	0.312221	0.346214	0.527617	0.453965	0.409155	0.605651	0.426199	0.310988	0.497252	0.403546	0.408721	0.423982	0.521600	0.360748	0.372532	0.413395	0.307978	0.352047	0.551195	0.435510	0.332051	0.495684	0.365647	0.396399	0.348408	0.522426	0.520375	0.466441	0.373342	0.454790	0.410510	0.303105	0.559505	0.391424	0.454757	0.291191	0.337529	0.475978	0.396171	0.499439	0.368043	-0.000000	0.429102	0.292613	0.580676	0.356506	0.542342	0.458238	0.360581	0.427816	0.286858	0.453348	0.390584	0.501168	0.507654	0.421637	0.243584	0.319504	0.463764	0.290227	0.449021	0.535793	0.625948	0.386477	0.509998	0.588162	0.266275	0.314498	0.531733	0.492262	0.252800	0.379677	0.498039	0.291669	0.427302	0.461158
TCGA-AB-2849-03A-01D-0741-05	0.806347	0.609775	0.843642	0.352854	0.573422	0.482126	0.311366	0.973982	0.328638	0.880848	0.375676	0.647152	0.261708	0.980228	0.328048	0.645090	0.343306	0.627201	0.589327	0.218918	0.411551	0.613890	0.467164	1.072519	0.216059	0.315881	0.836585	0.779596	0.748314	0.649423	0.946007	0.961321	0.199474	0.263497	0.259579	0.389569	0.273094	0.279536	0.625293	0.736796	0.524313	0.394721	0.305268	0.300848	0.859282	0.337708	0.429102	-0.000000	0.311678	1.039113	0.292396	0.210706	0.264499	0.503303	0.790896	0.247544	0.728680	0.465615	0.360743	0.206137	0.549384	0.342495	0.523249	0.754390	0.281390	0.407037	0.978064	0.280614	0.728362	0.383446	0.269112	0.364051	0.483602	0.508998	0.852146	0.475850	0.760304	0.532555	0.341397	0.671702	0.845441
TCGA-AB-2851-03A-01D-0741-05	0.518372	0.550529	0.582068	0.350770	0.335538	0.365783	0.223960	0.627956	0.413924	0.503684	0.456067	0.486357	0.220971	0.616103	0.315507	0.420921	0.285338	0.379058	0.447774	0.275567	0.406447	0.458843	0.307052	0.689491	0.354699	0.253329	0.548158	0.410415	0.443619	0.396664	0.620596	0.628229	0.362598	0.250880	0.313943	0.286025	0.171129	0.430068	0.482008	0.568441	0.346217	0.319541	0.381144	0.254012	0.611475	0.298013	0.292613	0.311678	-0.000000	0.681526	0.298507	0.451761	0.358844	0.321359	0.560416	0.207588	0.535743	0.353128	0.446742	0.414432	0.400779	0.311628	0.311723	0.497965	0.234929	0.428216	0.627635	0.478880	0.465057	0.356413	0.498933	0.275559	0.410358	0.407528	0.613797	0.323253	0.438774	0.378204	0.306641	0.409006	0.551257
TCGA-AB-2853-03A-01D-0741-05	0.165148	0.241265	0.112258	0.796426	0.487567	0.395014	0.887527	0.056269	1.306968	0.203438	1.457703	0.195993	0.687422	0.120393	0.743959	0.349399	0.963496	0.284197	0.239038	0.984965	0.597221	0.322357	0.591796	0.041128	1.436860	0.891128	0.138090	0.216092	0.176211	0.244442	0.043773	0.063988	1.328171	1.202562	1.255282	0.746283	0.697523	1.853277	0.225883	0.139330	0.547206	0.586819	1.466269	0.762714	0.089163	0.478415	0.580676	1.039113	0.681526	-0.000000	0.599164	1.804782	1.411025	0.449037	0.116413	0.748151	0.175243	0.500089	1.097691	1.736116	0.456852	0.712785	0.369060	0.165879	0.732772	0.660409	0.046375	1.813840	0.277401	1.000566	1.739581	0.623681	0.750771	0.773023	0.090645	0.477901	0.344144	0.402413	0.599637	0.285541	0.095372
TCGA-AB-2854-03A-01D-0741-05	0.479769	0.409140	0.514191	0.299335	0.508694	0.322183	0.268322	0.547062	0.395716	0.563503	0.584699	0.402087	0.244474	0.580901	0.321544	0.367158	0.372554	0.435645	0.380219	0.259610	0.277081	0.446444	0.352202	0.587105	0.387469	0.302805	0.444027	0.460253	0.391772	0.346806	0.540550	0.567098	0.347775	0.362017	0.404874	0.434048	0.256330	0.508715	0.416957	0.421745	0.513855	0.244348	0.490151	0.218567	0.492549	0.262326	0.356506	0.292396	0.298507	0.599164	-0.000000	0.505447	0.392177	0.303087	0.457190	0.132229	0.494851	0.395002	0.389671	0.467638	0.284549	0.247393	0.333343	0.391204	0.166788	0.399146	0.563715	0.511049	0.416037	0.473129	0.508225	0.326679	0.536972	0.418811	0.488457	0.373582	0.484684	0.342055	0.323106	0.440217	0.511820
TCGA-AB-2855-03A-01D-0741-05	1.225847	0.993859	1.394409	0.389619	0.691963	0.722142	0.331839	1.626805	0.260635	1.187686	0.226758	1.077570	0.449759	1.389850	0.423983	0.857334	0.372201	0.975658	0.988779	0.305272	0.555776	0.875735	0.580413	1.755155	0.179314	0.356148	1.314254	1.111560	1.166567	0.989257	1.613931	1.641236	0.220687	0.259043	0.222136	0.441152	0.434006	0.128877	1.053181	1.231512	0.652921	0.529979	0.186978	0.417000	1.443527	0.608355	0.542342	0.210706	0.451761	1.804782	0.505447	-0.000000	0.207043	0.689010	1.314799	0.386954	1.175696	0.633761	0.330011	0.125410	0.692492	0.450962	0.823696	1.186519	0.400079	0.538335	1.642999	0.134535	0.966953	0.362801	0.138825	0.491243	0.523715	0.496661	1.428100	0.696390	0.980249	0.781117	0.532046	0.960173	1.407986
