cactus0
TCGA-AB-2802-03A-01D-0741-05	TCGA-AB-2803-03A-01D-0741-05	TCGA-AB-2804-03A-01D-0741-05	TCGA-AB-2805-03A-01D-0741-05	TCGA-AB-2806-03A-01D-0741-05	TCGA-AB-2807-03A-01D-0741-05	TCGA-AB-2808-03A-01D-0741-05	TCGA-AB-2809-03A-01D-0741-05	TCGA-AB-2810-03A-01D-0741-05	TCGA-AB-2811-03A-01D-0741-05	TCGA-AB-2812-03A-01D-0741-05	TCGA-AB-2813-03A-01D-0741-05	TCGA-AB-2814-03A-01D-0741-05	TCGA-AB-2815-03A-01D-0741-05	TCGA-AB-2816-03A-01D-0742-05	TCGA-AB-2817-03A-01D-0742-05	TCGA-AB-2818-03A-01D-0741-05	TCGA-AB-2819-03A-01D-0741-05	TCGA-AB-2820-03A-01D-0741-05	TCGA-AB-2821-03A-01D-0741-05	TCGA-AB-2822-03A-01D-0741-05	TCGA-AB-2823-03A-01D-0741-05	TCGA-AB-2824-03A-01D-0741-05	TCGA-AB-2825-03A-01D-0741-05	TCGA-AB-2826-03A-01D-0741-05	TCGA-AB-2827-03A-01D-0741-05	TCGA-AB-2828-03A-01D-0741-05	TCGA-AB-2829-03A-01D-0741-05	TCGA-AB-2830-03A-01D-0741-05	TCGA-AB-2831-03A-01D-0741-05	TCGA-AB-2832-03A-01D-0741-05	TCGA-AB-2833-03A-01D-0741-05	TCGA-AB-2834-03A-01D-0741-05	TCGA-AB-2835-03A-01D-0741-05	TCGA-AB-2836-03A-01D-0741-05	TCGA-AB-2837-03A-01D-0741-05	TCGA-AB-2838-03A-01D-0741-05	TCGA-AB-2839-03A-01D-0741-05	TCGA-AB-2840-03A-01D-0741-05	TCGA-AB-2841-03A-01D-0741-05	TCGA-AB-2842-03A-01D-0741-05	TCGA-AB-2843-03A-01D-0741-05	TCGA-AB-2844-03A-01D-0741-05	TCGA-AB-2845-03A-01D-0741-05	TCGA-AB-2846-03A-01D-0741-05	TCGA-AB-2847-03A-01D-0741-05	TCGA-AB-2848-03A-01D-0741-05	TCGA-AB-2849-03A-01D-0741-05	TCGA-AB-2851-03A-01D-0741-05	TCGA-AB-2853-03A-01D-0741-05	TCGA-AB-2854-03A-01D-0741-05	TCGA-AB-2855-03A-01D-0741-05	TCGA-AB-2856-03A-01D-0741-05	TCGA-AB-2857-03A-01D-0741-05	TCGA-AB-2858-03A-01D-0741-05	TCGA-AB-2860-03A-01D-0741-05	TCGA-AB-2861-03A-01D-0741-05	TCGA-AB-2862-03A-01D-0741-05	TCGA-AB-2863-03A-01D-0741-05	TCGA-AB-2866-03A-01D-0741-05	TCGA-AB-2867-03A-01D-0741-05	TCGA-AB-2868-03A-01D-0741-05	TCGA-AB-2869-03A-01D-0742-05	TCGA-AB-2870-03A-01D-0742-05	TCGA-AB-2871-03A-01D-0742-05	TCGA-AB-2872-03A-01D-0742-05	TCGA-AB-2873-03A-01D-0742-05	TCGA-AB-2874-03A-01D-0742-05	TCGA-AB-2875-03A-01D-0742-05	TCGA-AB-2876-03A-01D-0742-05	TCGA-AB-2877-03A-01D-0742-05	TCGA-AB-2878-03A-01D-0742-05	TCGA-AB-2879-03A-01D-0742-05	TCGA-AB-2880-03A-01D-0742-05	TCGA-AB-2881-03A-01D-0742-05	TCGA-AB-2882-03A-01D-0742-05	TCGA-AB-2883-03A-01D-0742-05	TCGA-AB-2884-03A-01D-0742-05	TCGA-AB-2885-03A-01D-0742-05	TCGA-AB-2886-03A-01D-0742-05	TCGA-AB-2887-03A-01D-0742-05	TCGA-AB-2888-03A-01D-0742-05	TCGA-AB-2889-03A-01D-0742-05	TCGA-AB-2890-03A-01D-0742-05	TCGA-AB-2891-03A-01D-0742-05	TCGA-AB-2892-03A-01D-0742-05	TCGA-AB-2893-03A-01D-0742-05	TCGA-AB-2894-03A-01D-0742-05	TCGA-AB-2895-03A-01D-0742-05	TCGA-AB-2896-03A-01D-0742-05	TCGA-AB-2897-03A-01D-0742-05	TCGA-AB-2898-03A-01D-0742-05	TCGA-AB-2899-03A-01D-0741-05	TCGA-AB-2900-03A-01D-0742-05	TCGA-AB-2901-03A-01D-0742-05	TCGA-AB-2903-03A-01D-0742-05	TCGA-AB-2904-03A-01D-0741-05	TCGA-AB-2906-03A-01D-0742-05	TCGA-AB-2907-03A-01D-0742-05	TCGA-AB-2908-03A-01D-0743-05	TCGA-AB-2909-03A-01D-0743-05	TCGA-AB-2910-03A-01D-0743-05	TCGA-AB-2911-03A-01D-0741-05	TCGA-AB-2912-03A-01D-0741-05	TCGA-AB-2913-03A-01D-0741-05	TCGA-AB-2914-03A-01D-0742-05	TCGA-AB-2915-03A-01D-0743-05	TCGA-AB-2916-03A-01D-0742-05	TCGA-AB-2917-03A-01D-0741-05	TCGA-AB-2918-03A-01D-0743-05	TCGA-AB-2919-03A-01D-0743-05	TCGA-AB-2920-03A-01D-0742-05	TCGA-AB-2921-03A-01D-0743-05	TCGA-AB-2922-03A-01D-0743-05	TCGA-AB-2923-03A-01D-0743-05	TCGA-AB-2924-03A-01D-0743-05	TCGA-AB-2925-03A-01D-0741-05	TCGA-AB-2926-03A-01D-0742-05	TCGA-AB-2927-03A-01D-0743-05	TCGA-AB-2928-03A-01D-0743-05	TCGA-AB-2929-03A-01D-0741-05	TCGA-AB-2930-03A-01D-0743-05	TCGA-AB-2931-03A-01D-0743-05	TCGA-AB-2932-03A-01D-0743-05	TCGA-AB-2933-03A-01D-0742-05	TCGA-AB-2934-03A-01D-0743-05	TCGA-AB-2935-03A-01D-0743-05	TCGA-AB-2936-03A-01D-0743-05	TCGA-AB-2937-03A-01D-0742-05	TCGA-AB-2938-03A-01D-0741-05	TCGA-AB-2939-03A-01D-0743-05	TCGA-AB-2940-03A-01D-0742-05	TCGA-AB-2941-03A-01D-0743-05	TCGA-AB-2942-03A-01D-0742-05	TCGA-AB-2943-03A-01D-0743-05	TCGA-AB-2944-03A-01D-0743-05	TCGA-AB-2945-03A-01D-0741-05	TCGA-AB-2946-03A-01D-0743-05	TCGA-AB-2947-03A-01D-0743-05	TCGA-AB-2948-03A-01D-0743-05	TCGA-AB-2949-03A-01D-0742-05	TCGA-AB-2950-03A-01D-0742-05	TCGA-AB-2952-03A-01D-0742-05	TCGA-AB-2954-03A-01D-0741-05	TCGA-AB-2955-03A-01D-0742-05	TCGA-AB-2956-03A-01D-0741-05	TCGA-AB-2957-03A-01D-0741-05	TCGA-AB-2959-03A-01D-0741-05	TCGA-AB-2963-03A-01D-0741-05	TCGA-AB-2964-03A-01D-0741-05	TCGA-AB-2965-03A-01D-0741-05	TCGA-AB-2966-03A-01D-0741-05	TCGA-AB-2967-03A-01D-0742-05	TCGA-AB-2968-03A-01D-0741-05	TCGA-AB-2969-03A-01D-0741-05	TCGA-AB-2970-03A-01D-0741-05	TCGA-AB-2971-03A-01D-0741-05	TCGA-AB-2972-03A-01D-0741-05	TCGA-AB-2973-03A-01D-0742-05	TCGA-AB-2974-03A-01D-0742-05	TCGA-AB-2975-03A-01D-0742-05	TCGA-AB-2976-03A-01D-0742-05	TCGA-AB-2977-03A-01D-0742-05	TCGA-AB-2978-03A-01D-0742-05	TCGA-AB-2979-03A-01D-0742-05	TCGA-AB-2980-03A-01D-0742-05	TCGA-AB-2981-03A-01D-0742-05	TCGA-AB-2982-03A-01D-0742-05	TCGA-AB-2983-03A-01D-0742-05	TCGA-AB-2984-03A-01D-0742-05	TCGA-AB-2985-03A-01D-0742-05	TCGA-AB-2986-03A-01D-0742-05	TCGA-AB-2987-03A-01D-0742-05	TCGA-AB-2988-03A-01D-0742-05	TCGA-AB-2989-03A-01D-0742-05	TCGA-AB-2990-03A-01D-0742-05	TCGA-AB-2991-03A-01D-0741-05	TCGA-AB-2992-03A-01D-0741-05	TCGA-AB-2993-03A-01D-0741-05	TCGA-AB-2995-03A-01D-0741-05	TCGA-AB-2996-03A-01D-0741-05	TCGA-AB-2997-03A-01D-0742-05	TCGA-AB-2998-03A-01D-0742-05	TCGA-AB-2999-03A-01D-0742-05	TCGA-AB-3000-03A-01D-0741-05	TCGA-AB-3001-03A-01D-0741-05	TCGA-AB-3002-03A-01D-0742-05	TCGA-AB-3005-03A-01D-0741-05	TCGA-AB-3006-03A-01D-0741-05	TCGA-AB-3007-03A-01D-0741-05	TCGA-AB-3008-03A-01D-0741-05	TCGA-AB-3009-03A-01D-0741-05	TCGA-AB-3011-03A-01D-0742-05	TCGA-AB-3012-03A-01D-0741-05
TCGA-AB-2802-03A-01D-0741-05	-0.000000	0.251328	0.118019	0.593060	0.471604	0.333512	0.676693	0.153520	0.921354	0.248195	1.032011	0.255230	0.536745	0.149866	0.513535	0.322034	0.688090	0.324173	0.290112	0.717106	0.462708	0.254022	0.418489	0.145339	1.003289	0.626168	0.226538	0.189585	0.157052	0.194782	0.173221	0.174727	0.939882	0.861339	0.881904	0.538700	0.559484	1.252739	0.186007	0.171991	0.508775	0.440383	1.079178	0.568636	0.176234	0.417641	0.413428	0.806347	0.518372	0.165148	0.479769	1.225847	1.012822	0.392315	0.168818	0.511948	0.261657	0.380121	0.801789	1.186782	0.329577	0.558465	0.333823	0.229999	0.509301	0.571349	0.138329	1.282152	0.215609	0.833401	1.193831	0.545882	0.601665	0.641683	0.169958	0.360953	0.295134	0.317984	0.545296	0.251685	0.146852	0.234568	0.164887	0.407942	0.361638	0.152038	0.161227	0.143145	0.168958	0.139527	0.258001	0.166773	0.698551	0.989045	0.823748	0.382024	0.294229	0.195379	0.508295	0.225044	0.533914	0.217890	0.736905	0.476887	1.156977	0.448893	0.413361	0.192329	0.285309	0.802259	1.064122	1.050427	0.867740	0.305739	0.575265	0.916760	0.151063	1.140496	0.255856	0.166086	0.542317	0.670560	0.231067	0.451544	0.261281	0.185628	0.427075	0.411247	0.298889	0.224455	0.805924	0.837428	0.122456	0.216746	0.276133	1.083185	0.257505	0.814534	0.234579	0.266778	0.199617	0.240436	0.723497	0.341571	0.280902	0.168445	0.218202	0.535581	0.652401	0.493208	0.154028	0.674283	0.874450	0.198219	0.226202	0.640031	0.153314	0.552660	0.689725	0.208189	0.170261	0.691287	1.167079	0.182584	0.584678	0.151288	0.197833	0.181666	0.429899	1.325039	0.397659	0.958517	0.124927	0.320973	1.167559	0.994681	0.495352	0.287834	0.696564	0.152378	0.342070	0.245617	0.245967	0.236310	0.864356	0.424860	0.715452	0.199818	0.517276	0.642121	1.218127	1.164673	0.600472	0.514047
TCGA-AB-2803-03A-01D-0741-05	0.251328	-0.000000	0.183622	0.495650	0.434422	0.285144	0.607716	0.260267	0.781668	0.297455	1.137053	0.166558	0.489873	0.285081	0.497694	0.395283	0.714309	0.359625	0.185839	0.678794	0.385160	0.181184	0.604483	0.258052	0.836373	0.708125	0.218446	0.288348	0.255513	0.215350	0.232285	0.206507	0.793103	0.820799	0.904305	0.677390	0.510122	1.058535	0.180665	0.181165	0.458036	0.356403	0.858935	0.553014	0.219274	0.327548	0.418483	0.609775	0.550529	0.241265	0.409140	0.993859	0.854218	0.308389	0.168331	0.480268	0.198230	0.376178	0.694894	0.978691	0.376909	0.436023	0.293371	0.234385	0.484649	0.346324	0.227671	1.032945	0.297220	0.709899	0.967604	0.409864	0.700467	0.769157	0.220722	0.329433	0.338325	0.432029	0.426367	0.308391	0.212325	0.312728	0.241012	0.399797	0.343203	0.256224	0.229893	0.230524	0.265233	0.271431	0.199489	0.296141	0.674467	0.818835	0.694634	0.392459	0.224848	0.190316	0.453393	0.240804	0.471090	0.195461	0.602546	0.484155	1.010122	0.480757	0.363162	0.191587	0.279621	0.834672	0.856687	0.913124	0.783399	0.282400	0.459147	0.977256	0.289534	0.934254	0.238016	0.226062	0.482903	0.517999	0.319417	0.552101	0.229779	0.222645	0.394798	0.322469	0.220631	0.194909	0.699769	0.754921	0.284586	0.181325	0.250977	0.855627	0.358652	0.717878	0.272975	0.266429	0.259149	0.295082	0.605371	0.275649	0.295823	0.213953	0.245323	0.443629	0.691170	0.420229	0.246429	0.574928	0.721723	0.255260	0.373336	0.565462	0.215170	0.500459	0.672259	0.335120	0.224741	0.549934	0.959967	0.203013	0.613993	0.185457	0.200667	0.146301	0.421337	1.070744	0.479272	0.828085	0.198023	0.391605	0.998908	0.833429	0.325456	0.294774	0.568560	0.200654	0.216725	0.171750	0.118556	0.176701	0.872452	0.401579	0.584506	0.175314	0.477255	0.475766	1.060062	0.921357	0.528607	0.589125
TCGA-AB-2804-03A-01D-0741-05	0.118019	0.183622	-0.000000	0.626257	0.434493	0.313190	0.724807	0.112973	1.038311	0.238883	1.152368	0.201536	0.555549	0.137712	0.598195	0.305405	0.783771	0.243799	0.202143	0.825923	0.506883	0.220207	0.501112	0.108508	1.135871	0.705904	0.158405	0.160736	0.164655	0.217794	0.120112	0.119848	1.067188	0.970759	0.998410	0.587052	0.592395	1.426317	0.151438	0.139576	0.445447	0.453067	1.169329	0.605230	0.108122	0.404556	0.439312	0.843642	0.582068	0.112258	0.514191	1.394409	1.208102	0.392891	0.077613	0.597045	0.195112	0.389805	0.893891	1.348333	0.394860	0.557498	0.293448	0.194813	0.590098	0.526588	0.091252	1.444874	0.212670	0.843767	1.350683	0.531649	0.648123	0.686790	0.125561	0.363660	0.286361	0.337656	0.513565	0.231456	0.105426	0.228316	0.119129	0.418278	0.390271	0.112138	0.143549	0.110166	0.116233	0.120653	0.208765	0.147810	0.743662	1.113910	0.901622	0.366076	0.258623	0.163099	0.569989	0.171736	0.436698	0.170487	0.796763	0.494959	1.304034	0.454331	0.432906	0.142707	0.238031	0.901118	1.195845	1.196164	0.916270	0.254282	0.595094	1.011122	0.124720	1.299953	0.201667	0.123534	0.603565	0.687471	0.217572	0.422458	0.255671	0.132242	0.494095	0.414137	0.201714	0.160481	0.829376	0.938338	0.136556	0.158789	0.251631	1.189775	0.287560	0.903754	0.210292	0.293556	0.142451	0.189248	0.795986	0.270276	0.274923	0.132577	0.167544	0.605067	0.748429	0.477483	0.105651	0.734173	0.905525	0.201698	0.269546	0.674368	0.104468	0.567794	0.780382	0.195677	0.094413	0.662707	1.325216	0.148740	0.591391	0.118104	0.144069	0.144155	0.444950	1.504329	0.350117	1.081498	0.089027	0.331652	1.325778	1.126048	0.502407	0.288250	0.701588	0.110833	0.283245	0.221609	0.212210	0.245617	0.934060	0.418681	0.802010	0.155591	0.525556	0.670192	1.378172	1.292986	0.630237	0.560513
TCGA-AB-2805-03A-01D-0741-05	0.593060	0.495650	0.626257	-0.000000	0.517222	0.311207	0.305767	0.732851	0.310177	0.591706	0.549001	0.511727	0.263439	0.624345	0.465812	0.430394	0.457942	0.655053	0.493785	0.304929	0.320651	0.451630	0.440969	0.807052	0.306103	0.334824	0.584956	0.470018	0.552026	0.466488	0.722794	0.723351	0.332423	0.347269	0.414625	0.490462	0.331762	0.437797	0.521415	0.573875	0.547474	0.225573	0.437337	0.275129	0.639870	0.348911	0.328372	0.352854	0.350770	0.796426	0.299335	0.389619	0.368075	0.337689	0.602230	0.292742	0.558926	0.416709	0.293457	0.350447	0.391333	0.217063	0.436350	0.537411	0.312618	0.384769	0.738301	0.399624	0.436661	0.444452	0.369006	0.272412	0.420413	0.458212	0.637335	0.343630	0.452601	0.473946	0.282383	0.464322	0.636576	0.432183	0.696869	0.321278	0.356805	0.694263	0.651399	0.654939	0.755198	0.713208	0.486118	0.707784	0.238258	0.358314	0.284431	0.379890	0.423859	0.529961	0.262700	0.440560	0.427567	0.532532	0.321120	0.277917	0.402875	0.472074	0.286947	0.669868	0.424446	0.341822	0.335821	0.341718	0.368552	0.494651	0.317044	0.464686	0.692888	0.374043	0.449856	0.750290	0.263652	0.302156	0.562285	0.476317	0.404012	0.672855	0.307026	0.274011	0.496178	0.485302	0.333826	0.327574	0.614162	0.627452	0.422321	0.345411	0.431139	0.282080	0.579477	0.368294	0.582246	0.522486	0.262602	0.512800	0.430446	0.613468	0.642057	0.196980	0.487125	0.304232	0.714930	0.282593	0.432946	0.508826	0.580936	0.271314	0.669669	0.299997	0.245919	0.539674	0.631660	0.411179	0.350379	0.604413	0.350905	0.572750	0.667957	0.514877	0.269919	0.392825	0.559306	0.364227	0.666445	0.484591	0.366676	0.321785	0.330785	0.357311	0.383610	0.653986	0.362159	0.475974	0.525548	0.379145	0.362303	0.420432	0.245492	0.671380	0.265364	0.356579	0.406400	0.319027	0.390027	0.405010
TCGA-AB-2806-03A-01D-0741-05	0.471604	0.434422	0.434493	0.517222	-0.000000	0.476089	0.379682	0.479619	0.620723	0.280443	0.649926	0.456251	0.411101	0.428173	0.357940	0.481986	0.329842	0.216743	0.374983	0.526896	0.628807	0.314787	0.347419	0.496618	0.605561	0.385538	0.423532	0.423876	0.500822	0.423266	0.496522	0.428678	0.545075	0.492428	0.525754	0.321508	0.452957	0.656682	0.446257	0.490580	0.313781	0.389134	0.521222	0.434157	0.437878	0.484753	0.467978	0.573422	0.335538	0.487567	0.508694	0.691963	0.553591	0.300722	0.418699	0.433613	0.368408	0.361891	0.640799	0.642998	0.449930	0.443294	0.334918	0.481120	0.424622	0.370514	0.453868	0.665120	0.337343	0.363865	0.680063	0.447062	0.628423	0.392447	0.514595	0.399558	0.435559	0.470603	0.448166	0.334785	0.524621	0.436620	0.452492	0.407025	0.554575	0.466969	0.402082	0.434747	0.452279	0.422495	0.503380	0.441307	0.467932	0.612544	0.619500	0.364795	0.408462	0.410316	0.454791	0.382091	0.359386	0.335234	0.462707	0.368947	0.583190	0.278840	0.414494	0.391299	0.393854	0.488758	0.631262	0.571324	0.435565	0.491533	0.462245	0.477571	0.417940	0.652195	0.396132	0.458696	0.452900	0.341635	0.335422	0.296730	0.414360	0.463689	0.423489	0.500867	0.304136	0.393241	0.460270	0.444629	0.423164	0.444569	0.424589	0.649310	0.342616	0.455917	0.355523	0.434689	0.460320	0.264238	0.522773	0.465414	0.366277	0.402591	0.440143	0.606354	0.358481	0.437269	0.439910	0.540716	0.400982	0.385461	0.492139	0.440943	0.536605	0.331082	0.432168	0.324294	0.449150	0.317469	0.642422	0.362767	0.413311	0.418367	0.388443	0.456329	0.305138	0.720566	0.327240	0.503588	0.455436	0.446898	0.606382	0.594142	0.467952	0.536907	0.370330	0.476089	0.461404	0.366351	0.396877	0.402776	0.480686	0.374700	0.542663	0.435349	0.413106	0.422200	0.608489	0.593209	0.372666	0.354715
TCGA-AB-2807-03A-01D-0741-05	0.333512	0.285144	0.313190	0.311207	0.476089	-0.000000	0.475213	0.357741	0.554261	0.353280	0.869473	0.256987	0.317273	0.350677	0.449544	0.302848	0.578869	0.433142	0.248597	0.412987	0.327827	0.298975	0.461334	0.408574	0.578688	0.465786	0.258044	0.290371	0.287092	0.244654	0.375475	0.360511	0.589031	0.547676	0.664754	0.544468	0.331112	0.785678	0.313254	0.354001	0.398798	0.297646	0.683986	0.430211	0.331102	0.285071	0.312221	0.482126	0.365783	0.395014	0.322183	0.722142	0.636302	0.279837	0.305977	0.343997	0.261109	0.386163	0.491844	0.694853	0.333917	0.301917	0.271252	0.241086	0.332326	0.380359	0.355490	0.752981	0.318707	0.676881	0.703818	0.263605	0.558469	0.640991	0.331158	0.238677	0.370779	0.347129	0.268915	0.408670	0.334408	0.338153	0.337367	0.297835	0.321621	0.334126	0.352902	0.343078	0.397560	0.403847	0.309741	0.414480	0.418903	0.575938	0.488710	0.321668	0.267952	0.332924	0.310231	0.255816	0.356118	0.281003	0.486469	0.362748	0.684963	0.397889	0.319102	0.321831	0.224327	0.589668	0.626181	0.608217	0.619481	0.317448	0.328383	0.668880	0.383360	0.675011	0.231587	0.371798	0.347280	0.407616	0.424347	0.469375	0.225834	0.387683	0.300347	0.260216	0.305327	0.218265	0.483682	0.559712	0.325464	0.280816	0.230642	0.607066	0.325968	0.516009	0.408788	0.188502	0.262583	0.382594	0.412312	0.281524	0.325003	0.309416	0.319089	0.332349	0.526557	0.327998	0.365114	0.450685	0.600287	0.303165	0.434892	0.396494	0.337544	0.334729	0.406638	0.350611	0.315186	0.416235	0.685878	0.318798	0.481512	0.326423	0.316156	0.294179	0.298684	0.767972	0.424029	0.587786	0.318615	0.382456	0.686600	0.589275	0.339355	0.248535	0.504463	0.317687	0.238139	0.302484	0.322014	0.299773	0.610958	0.354891	0.412839	0.316247	0.315297	0.437148	0.729937	0.666820	0.468784	0.464406
TCGA-AB-2808-03A-01D-0741-05	0.676693	0.607716	0.724807	0.305767	0.379682	0.475213	-0.000000	0.819346	0.266872	0.674609	0.373856	0.646581	0.327773	0.785852	0.322166	0.430381	0.305285	0.480892	0.596806	0.260870	0.372839	0.478080	0.361627	0.860135	0.247301	0.222200	0.719315	0.567558	0.607089	0.496377	0.813286	0.818931	0.245737	0.251427	0.279183	0.321113	0.246399	0.306883	0.579607	0.657325	0.453015	0.291160	0.273579	0.215961	0.765366	0.377243	0.346214	0.311366	0.223960	0.887527	0.268322	0.331839	0.301997	0.371877	0.662248	0.195177	0.676423	0.386992	0.359410	0.314067	0.364153	0.263302	0.428899	0.648656	0.252323	0.425282	0.819705	0.320887	0.508431	0.229951	0.339456	0.371671	0.484502	0.285548	0.777569	0.454666	0.640227	0.476260	0.377963	0.451350	0.734852	0.534215	0.831065	0.357122	0.410769	0.802729	0.757152	0.764434	0.848713	0.810604	0.538546	0.821263	0.299117	0.311355	0.354241	0.370228	0.557750	0.551815	0.202949	0.521100	0.414298	0.628724	0.265853	0.334063	0.308422	0.347847	0.315179	0.750875	0.456078	0.290922	0.297204	0.344122	0.192196	0.597806	0.323050	0.278303	0.799953	0.332345	0.570123	0.831827	0.312995	0.301030	0.487669	0.431673	0.537918	0.792128	0.283264	0.304456	0.583696	0.554596	0.349053	0.170186	0.661890	0.755044	0.489101	0.343351	0.430487	0.260241	0.632919	0.490523	0.654349	0.525659	0.255076	0.737165	0.437473	0.697729	0.789362	0.271763	0.265340	0.400350	0.812073	0.399448	0.293773	0.596875	0.662783	0.309704	0.784623	0.304136	0.218434	0.541930	0.741101	0.373779	0.313475	0.732181	0.226120	0.626206	0.758539	0.586752	0.412322	0.352971	0.450903	0.267669	0.754475	0.484563	0.297224	0.282188	0.352369	0.417826	0.300335	0.725534	0.563362	0.613933	0.561052	0.450232	0.240207	0.325938	0.251271	0.758130	0.410446	0.271038	0.297764	0.295487	0.267876	0.295826
TCGA-AB-2809-03A-01D-0741-05	0.153520	0.260267	0.112973	0.732851	0.479619	0.357741	0.819346	-0.000000	1.195060	0.194344	1.329696	0.204722	0.654446	0.110155	0.717736	0.327166	0.897010	0.275641	0.245072	0.902949	0.580343	0.302467	0.565891	0.060145	1.310373	0.815904	0.119276	0.207870	0.159945	0.240617	0.080728	0.086369	1.213997	1.101206	1.154746	0.714202	0.638797	1.667231	0.215638	0.160875	0.512180	0.547872	1.336243	0.706520	0.104668	0.475993	0.527617	0.973982	0.627956	0.056269	0.547062	1.626805	1.291885	0.439817	0.128464	0.684978	0.179915	0.481340	1.024018	1.569017	0.423520	0.649469	0.311106	0.140900	0.671707	0.632574	0.057658	1.645239	0.255532	0.934105	1.571948	0.566177	0.697771	0.729228	0.109184	0.444273	0.325202	0.392670	0.539265	0.286050	0.109712	0.278538	0.088901	0.455718	0.453298	0.087449	0.118166	0.102119	0.062035	0.082456	0.270069	0.118000	0.799316	1.286968	1.009374	0.430910	0.300233	0.239894	0.647247	0.226721	0.429204	0.176665	0.904772	0.557433	1.514075	0.511596	0.443110	0.106557	0.281226	1.036504	1.382201	1.343244	1.031518	0.266344	0.652334	1.125756	0.087064	1.505052	0.206111	0.076177	0.643394	0.794617	0.243993	0.452859	0.290805	0.113057	0.557396	0.484545	0.232442	0.204352	0.876757	1.079237	0.142864	0.120225	0.274621	1.382402	0.332378	1.040810	0.189765	0.303228	0.139128	0.216886	0.847448	0.248089	0.283537	0.124086	0.121067	0.693330	0.865787	0.502515	0.066145	0.838751	1.013243	0.177476	0.273494	0.726844	0.098575	0.606715	0.898692	0.186862	0.101458	0.751611	1.540274	0.151789	0.691067	0.153824	0.095584	0.214568	0.569974	1.761663	0.408321	1.245961	0.083224	0.331741	1.540970	1.303358	0.591440	0.312957	0.781902	0.095005	0.267584	0.269654	0.264405	0.344504	1.079791	0.485635	0.919022	0.108843	0.549161	0.776801	1.586514	1.503515	0.726872	0.662870
TCGA-AB-2810-03A-01D-0741-05	0.921354	0.781668	1.038311	0.310177	0.620723	0.554261	0.266872	1.195060	-0.000000	0.932177	0.312202	0.867069	0.414745	1.034020	0.377940	0.622209	0.346806	0.832751	0.749885	0.215248	0.397111	0.685941	0.467883	1.262800	0.149259	0.303213	0.980380	0.823740	0.903124	0.744811	1.186681	1.204408	0.171289	0.209672	0.246503	0.474119	0.381920	0.204147	0.804240	0.922278	0.551795	0.393586	0.215073	0.363165	1.081834	0.479155	0.453965	0.328638	0.413924	1.306968	0.395716	0.260635	0.198486	0.522000	0.981743	0.290234	0.905095	0.477136	0.187592	0.163405	0.460315	0.314224	0.642001	0.896899	0.330331	0.415182	1.205546	0.192546	0.732984	0.306395	0.144567	0.446026	0.424034	0.350438	1.061625	0.501368	0.710901	0.551336	0.491911	0.705216	1.055389	0.705116	1.157378	0.455832	0.489359	1.147037	1.074482	1.121917	1.250598	1.198702	0.748762	1.104356	0.262325	0.152044	0.264289	0.497296	0.748246	0.768129	0.288336	0.733638	0.601950	0.899050	0.266600	0.423575	0.201551	0.540875	0.523006	1.096675	0.685994	0.327531	0.121545	0.189877	0.254713	0.832026	0.357011	0.280135	1.142844	0.132598	0.794674	1.223427	0.369178	0.300937	0.811783	0.662894	0.677644	1.165359	0.387648	0.407736	0.825101	0.810234	0.331290	0.279458	0.971676	1.025796	0.707445	0.232234	0.619172	0.275283	0.956332	0.632179	0.942586	0.852648	0.266129	0.878537	0.718316	1.016295	1.063257	0.264037	0.325685	0.444436	1.182242	0.303905	0.335631	0.855113	0.721100	0.420685	1.118927	0.383855	0.266409	0.885161	1.064377	0.373478	0.164036	0.995167	0.401517	0.901033	1.111916	0.795978	0.509212	0.155096	0.604313	0.223465	1.102478	0.668661	0.194761	0.162849	0.388395	0.585786	0.357931	1.070089	0.676524	0.799243	0.784594	0.606095	0.264873	0.464144	0.214579	1.105516	0.434766	0.341160	0.192693	0.242085	0.346382	0.354370
TCGA-AB-2811-03A-01D-0741-05	0.248195	0.297455	0.238883	0.591706	0.280443	0.353280	0.674609	0.194344	0.932177	-0.000000	1.149355	0.251559	0.594730	0.154105	0.541698	0.383953	0.647937	0.266047	0.283861	0.715456	0.637373	0.233273	0.458834	0.200928	0.948936	0.653130	0.179250	0.250355	0.251148	0.236845	0.236232	0.172437	0.885166	0.796342	0.901751	0.590622	0.525284	1.167575	0.311197	0.318725	0.403159	0.473601	0.946277	0.639345	0.200383	0.507756	0.409155	0.880848	0.503684	0.203438	0.563503	1.187686	0.915750	0.282497	0.246616	0.558730	0.201812	0.417376	0.838830	1.128148	0.420840	0.460877	0.293927	0.237410	0.508339	0.451289	0.191724	1.138105	0.236795	0.668435	1.169421	0.456117	0.638490	0.625205	0.230189	0.346405	0.230954	0.460127	0.495846	0.330027	0.262789	0.288395	0.171221	0.377185	0.475401	0.200825	0.143434	0.186724	0.169938	0.145086	0.404501	0.162543	0.631365	1.024544	0.728609	0.419105	0.245353	0.338846	0.569946	0.249165	0.425761	0.220554	0.659972	0.437238	1.066168	0.423192	0.424391	0.162844	0.320728	0.873153	1.052307	0.940856	0.783680	0.329154	0.554931	0.866396	0.144738	1.115624	0.273502	0.171796	0.545676	0.553853	0.250362	0.386901	0.231691	0.185995	0.457958	0.525224	0.238637	0.248205	0.622181	0.844199	0.199886	0.193079	0.286482	1.137062	0.265066	0.792751	0.219451	0.285816	0.240104	0.206113	0.762377	0.272715	0.292855	0.184104	0.192676	0.631082	0.624731	0.401100	0.176642	0.651326	0.699494	0.186404	0.281538	0.567756	0.241613	0.457370	0.667416	0.167372	0.239491	0.511709	1.085858	0.129315	0.689256	0.266225	0.141116	0.332387	0.377384	1.227007	0.385960	0.888456	0.188442	0.385667	1.082481	0.937718	0.586801	0.384427	0.552263	0.214473	0.349820	0.268958	0.312918	0.300828	0.801078	0.501137	0.768736	0.184700	0.366148	0.689576	1.105169	1.104308	0.544866	0.564902
TCGA-AB-2812-03A-01D-0741-05	1.032011	1.137053	1.152368	0.549001	0.649926	0.869473	0.373856	1.329696	0.312202	1.149355	-0.000000	1.196690	0.501724	1.155386	0.448271	0.713303	0.269927	0.802071	1.156750	0.358667	0.650286	0.916040	0.399516	1.406531	0.252057	0.280116	1.277398	0.951343	1.063163	1.023257	1.327415	1.531994	0.237550	0.213143	0.144653	0.294570	0.534222	0.114190	0.903348	1.076701	0.562888	0.594396	0.155060	0.418872	1.229715	0.740680	0.605651	0.375676	0.456067	1.457703	0.584699	0.226758	0.227269	0.745385	1.146348	0.455365	1.390048	0.517251	0.392443	0.190774	0.683062	0.542555	0.771788	1.144917	0.430414	0.554633	1.353757	0.192379	0.832179	0.317678	0.202803	0.586938	0.352762	0.310954	1.253113	0.712924	0.792192	0.619394	0.670902	0.786255	1.172075	0.816828	1.381218	0.648872	0.699601	1.274769	1.320897	1.255307	1.390049	1.323494	0.882039	1.190531	0.392161	0.243129	0.360201	0.635603	1.024388	0.829599	0.521206	0.941973	0.695796	1.299021	0.367456	0.561965	0.168235	0.517969	0.632299	1.509321	0.879064	0.184971	0.251463	0.252270	0.233584	0.893969	0.520992	0.161211	1.269253	0.227329	0.916433	1.537369	0.504994	0.429207	0.816565	0.512043	1.044330	1.299123	0.537665	0.678162	1.133610	1.111316	0.411992	0.258071	1.080205	1.445248	0.921668	0.266172	0.701718	0.264349	1.068981	0.918964	1.101808	0.882054	0.427594	1.100402	0.864941	1.235517	1.324538	0.576578	0.297306	0.608970	1.314045	0.466982	0.298622	1.119261	0.802574	0.446709	1.247712	0.491476	0.355528	0.953207	1.194627	0.445252	0.191248	1.372494	0.348017	1.030491	1.518688	0.889138	0.558081	0.178236	0.582099	0.183083	1.267097	0.748259	0.179528	0.234568	0.602142	0.790772	0.347275	1.242702	1.044500	1.087192	0.956081	0.883131	0.263031	0.537868	0.419287	1.552645	0.581551	0.431506	0.184358	0.224517	0.390807	0.348976
TCGA-AB-2813-03A-01D-0741-05	0.255230	0.166558	0.201536	0.511727	0.456251	0.256987	0.646581	0.204722	0.867069	0.251559	1.196690	-0.000000	0.468565	0.262468	0.537298	0.342113	0.770686	0.331347	0.138563	0.630188	0.462008	0.218831	0.589174	0.214415	0.905559	0.710364	0.187061	0.241304	0.217870	0.203118	0.183676	0.187796	0.842072	0.845727	0.973275	0.693869	0.445182	1.120511	0.245562	0.204825	0.444748	0.353578	0.900445	0.542332	0.195665	0.261694	0.426199	0.647152	0.486357	0.195993	0.402087	1.077570	0.909640	0.278363	0.170554	0.477391	0.178440	0.422816	0.743214	1.043798	0.419535	0.435840	0.317872	0.199038	0.497774	0.399565	0.182304	1.150037	0.287625	0.721282	1.045531	0.373082	0.738828	0.775968	0.192562	0.342659	0.353373	0.403429	0.346619	0.357980	0.195898	0.313864	0.203337	0.387592	0.399207	0.211552	0.208310	0.202876	0.217958	0.242699	0.268611	0.228118	0.593573	0.899847	0.769803	0.413476	0.167131	0.259821	0.476122	0.243648	0.392331	0.155481	0.629694	0.428537	1.051657	0.500006	0.346422	0.130233	0.233390	0.887499	0.929415	0.977015	0.834490	0.226469	0.456243	1.026945	0.251043	1.043235	0.202679	0.186742	0.476356	0.544218	0.359853	0.582096	0.193413	0.198949	0.362916	0.370118	0.195270	0.154253	0.662440	0.754522	0.254232	0.141696	0.193178	0.928918	0.367543	0.710290	0.273455	0.256591	0.193767	0.328830	0.591833	0.218262	0.267010	0.164244	0.210828	0.504867	0.738799	0.431108	0.203638	0.611652	0.779657	0.226689	0.388322	0.549840	0.167643	0.466142	0.632410	0.275958	0.210110	0.576743	1.026699	0.190257	0.617139	0.200644	0.156984	0.214655	0.413488	1.181578	0.475332	0.867154	0.171654	0.378814	1.027582	0.887388	0.392315	0.311901	0.636207	0.167720	0.207738	0.211578	0.204665	0.241083	0.858850	0.424080	0.628042	0.130506	0.465407	0.517037	1.099500	1.005238	0.617535	0.625920
TCGA-AB-2814-03A-01D-0741-05	0.536745	0.489873	0.555549	0.263439	0.411101	0.317273	0.327773	0.654446	0.414745	0.594730	0.501724	0.468565	-0.000000	0.664011	0.330855	0.485890	0.343021	0.432571	0.402806	0.334403	0.305998	0.475258	0.306332	0.713947	0.364365	0.252679	0.511245	0.478671	0.461324	0.445396	0.622350	0.631728	0.354643	0.320668	0.356122	0.359412	0.297106	0.452481	0.437514	0.494905	0.440086	0.299149	0.435215	0.244196	0.554755	0.307216	0.310988	0.261708	0.220971	0.687422	0.244474	0.449759	0.365550	0.381569	0.511147	0.259093	0.511491	0.350473	0.439624	0.411390	0.428786	0.318863	0.334023	0.478811	0.269750	0.427049	0.650197	0.499963	0.458110	0.471115	0.477503	0.291961	0.412940	0.493125	0.568286	0.351695	0.494110	0.374213	0.231668	0.413587	0.562206	0.433203	0.632005	0.376343	0.314664	0.607942	0.692302	0.629641	0.655517	0.737396	0.404874	0.757410	0.308380	0.392053	0.407232	0.382433	0.470585	0.442251	0.306215	0.465095	0.331009	0.472269	0.329905	0.321608	0.423454	0.332026	0.250711	0.580929	0.336773	0.306655	0.443825	0.380833	0.400982	0.452637	0.321053	0.397112	0.735684	0.477117	0.396963	0.666007	0.316228	0.315943	0.478481	0.384875	0.498085	0.602611	0.280100	0.307421	0.419487	0.412074	0.426585	0.333953	0.593365	0.533848	0.316943	0.414390	0.407317	0.277703	0.445450	0.385521	0.481852	0.526321	0.237967	0.428495	0.344373	0.554952	0.553915	0.322434	0.352534	0.389481	0.623175	0.381775	0.414768	0.557197	0.624480	0.258842	0.584124	0.273421	0.253972	0.490783	0.550578	0.379427	0.416569	0.656366	0.296483	0.487893	0.578886	0.415055	0.226036	0.501172	0.457378	0.344996	0.603964	0.343696	0.398658	0.347314	0.260325	0.377984	0.306308	0.579162	0.411641	0.397986	0.422756	0.389275	0.408336	0.263932	0.331780	0.576777	0.271795	0.222833	0.456273	0.374243	0.317031	0.340105
TCGA-AB-2815-03A-01D-0741-05	0.149866	0.285081	0.137712	0.624345	0.428173	0.350677	0.785852	0.110155	1.034020	0.154105	1.155386	0.262468	0.664011	-0.000000	0.602932	0.302194	0.777956	0.319016	0.314336	0.781247	0.556171	0.267114	0.475314	0.114141	1.126194	0.723554	0.135998	0.183803	0.178341	0.209497	0.143007	0.132412	1.046645	0.950254	0.991968	0.632088	0.654993	1.413399	0.243724	0.211382	0.496449	0.508999	1.152777	0.676209	0.114817	0.520458	0.497252	0.980228	0.616103	0.120393	0.580901	1.389850	1.144182	0.370590	0.169612	0.631706	0.243841	0.397465	0.883474	1.336379	0.355619	0.579050	0.365819	0.180981	0.585243	0.543323	0.104386	1.387819	0.178254	0.889237	1.344767	0.526009	0.675641	0.626022	0.112821	0.366061	0.258296	0.361345	0.618369	0.280883	0.149614	0.195857	0.085338	0.414873	0.465913	0.109904	0.088099	0.108322	0.112474	0.068031	0.320063	0.100013	0.696694	1.119202	0.858224	0.408852	0.259053	0.273271	0.578258	0.193058	0.465412	0.230015	0.848365	0.479527	1.292595	0.426437	0.469613	0.157013	0.318076	0.902432	1.204145	1.138956	0.895265	0.312399	0.617061	0.970357	0.068623	1.282821	0.253428	0.121223	0.619650	0.744437	0.233311	0.443773	0.233415	0.144378	0.530553	0.492419	0.287020	0.230292	0.823978	0.999630	0.130849	0.136410	0.334429	1.205851	0.284330	0.903087	0.234477	0.263452	0.174746	0.202899	0.876397	0.250534	0.313014	0.142853	0.121297	0.626863	0.799590	0.471645	0.114027	0.718246	0.940139	0.154091	0.206005	0.646889	0.147254	0.515279	0.781291	0.169118	0.143994	0.677934	1.313533	0.123366	0.681238	0.192584	0.142323	0.223439	0.447594	1.485873	0.383683	1.072330	0.105919	0.365646	1.314088	1.116465	0.602762	0.328032	0.741918	0.128413	0.315067	0.312547	0.298745	0.284047	0.950280	0.513926	0.821781	0.168095	0.468963	0.843250	1.345734	1.283806	0.675843	0.577110
TCGA-AB-2816-03A-01D-0742-05	0.513535	0.497694	0.598195	0.465812	0.357940	0.449544	0.322166	0.717736	0.377940	0.541698	0.448271	0.537298	0.330855	0.602932	-0.000000	0.483024	0.264570	0.420050	0.510359	0.300485	0.387737	0.411757	0.283678	0.720296	0.322535	0.274551	0.577963	0.547807	0.533541	0.439383	0.678943	0.684700	0.309004	0.338181	0.337162	0.266696	0.367217	0.388698	0.502738	0.580305	0.484999	0.377156	0.356075	0.316874	0.635454	0.455738	0.403546	0.328048	0.315507	0.743959	0.321544	0.423983	0.379500	0.347617	0.593292	0.229358	0.647815	0.306927	0.393064	0.387222	0.328489	0.377439	0.395864	0.563922	0.256576	0.381323	0.693316	0.417793	0.438401	0.372351	0.391223	0.407024	0.565895	0.378398	0.625275	0.473496	0.600187	0.324421	0.444472	0.447485	0.618754	0.473490	0.661031	0.485297	0.402248	0.651018	0.648994	0.655044	0.714100	0.678713	0.492367	0.703124	0.424292	0.352780	0.428848	0.463587	0.537768	0.446779	0.271006	0.507437	0.445878	0.550604	0.440997	0.360256	0.366547	0.326906	0.367119	0.629923	0.475140	0.352093	0.358011	0.387805	0.386612	0.554835	0.422334	0.321627	0.680994	0.388416	0.546677	0.695564	0.409089	0.395743	0.444267	0.472243	0.517266	0.643059	0.316580	0.357228	0.510437	0.511686	0.506546	0.284847	0.571796	0.609484	0.440061	0.405185	0.351326	0.286751	0.543569	0.418213	0.591094	0.513112	0.366912	0.575322	0.461346	0.589453	0.597101	0.324241	0.308281	0.512045	0.672077	0.484189	0.440742	0.561700	0.547298	0.355202	0.668631	0.307035	0.309067	0.498802	0.684539	0.344498	0.362446	0.609561	0.332113	0.539564	0.641016	0.469266	0.332292	0.426696	0.508069	0.313574	0.643983	0.426545	0.361154	0.331663	0.334482	0.456775	0.426772	0.630602	0.566146	0.461042	0.430048	0.400111	0.421929	0.303003	0.327096	0.634452	0.401092	0.247546	0.390975	0.385112	0.382688	0.251887
TCGA-AB-2817-03A-01D-0742-05	0.322034	0.395283	0.305405	0.430394	0.481986	0.302848	0.430381	0.327166	0.622209	0.383953	0.713303	0.342113	0.485890	0.302194	0.483024	-0.000000	0.595306	0.395535	0.376803	0.450915	0.408582	0.303814	0.341864	0.359743	0.653298	0.442726	0.338787	0.266829	0.288758	0.267958	0.331930	0.406081	0.604659	0.605246	0.629282	0.415730	0.368448	0.825826	0.300725	0.296229	0.469650	0.340560	0.721604	0.430385	0.349171	0.407177	0.408721	0.645090	0.420921	0.349399	0.367158	0.857334	0.663273	0.261558	0.315701	0.375630	0.426503	0.275956	0.539955	0.770182	0.320895	0.349732	0.317106	0.317592	0.361590	0.418092	0.317596	0.823095	0.258583	0.616233	0.767020	0.377688	0.532311	0.481361	0.349303	0.374722	0.354810	0.342501	0.419685	0.359160	0.336792	0.297904	0.358947	0.308964	0.398564	0.300929	0.304905	0.305986	0.340052	0.309695	0.279722	0.294916	0.442096	0.652748	0.558891	0.307037	0.339964	0.298132	0.330878	0.284603	0.487267	0.425898	0.480925	0.422078	0.775922	0.413093	0.358326	0.388289	0.361517	0.510369	0.675760	0.713584	0.545075	0.348626	0.412056	0.673192	0.289982	0.763511	0.316112	0.380602	0.385213	0.428587	0.274869	0.446622	0.283216	0.374668	0.305814	0.361565	0.397254	0.262943	0.462947	0.577304	0.269016	0.385796	0.392335	0.680096	0.270771	0.579516	0.361230	0.377792	0.274362	0.291773	0.537080	0.441930	0.435701	0.332999	0.372002	0.402323	0.532166	0.386808	0.314362	0.521315	0.586638	0.295992	0.331074	0.517403	0.316035	0.406292	0.489262	0.279928	0.339173	0.451007	0.754283	0.351928	0.418845	0.301604	0.364958	0.279663	0.437600	0.845126	0.277361	0.676493	0.301161	0.350076	0.754893	0.646260	0.479080	0.251436	0.501079	0.302339	0.415892	0.490159	0.406958	0.312555	0.570863	0.396925	0.478622	0.394047	0.454954	0.534023	0.788139	0.743174	0.418676	0.371768
TCGA-AB-2818-03A-01D-0741-05	0.688090	0.714309	0.783771	0.457942	0.329842	0.578869	0.305285	0.897010	0.346806	0.647937	0.269927	0.770686	0.343021	0.777956	0.264570	0.595306	-0.000000	0.500120	0.668248	0.300642	0.521929	0.563362	0.248994	0.936906	0.298040	0.198683	0.743892	0.662896	0.683313	0.606745	0.886500	0.903696	0.249247	0.200469	0.211758	0.211065	0.373288	0.268811	0.681048	0.777770	0.367892	0.386767	0.246448	0.323477	0.791738	0.566863	0.423982	0.343306	0.285338	0.963496	0.372554	0.372201	0.222414	0.474745	0.766636	0.299377	0.807103	0.436209	0.385430	0.291375	0.440992	0.397187	0.474695	0.731832	0.263927	0.383575	0.900425	0.297877	0.554483	0.240050	0.315389	0.457627	0.360452	0.280489	0.826410	0.430042	0.534257	0.425607	0.496482	0.559518	0.817575	0.546583	0.852995	0.425654	0.469213	0.854188	0.816098	0.817775	0.921529	0.877759	0.660867	0.854996	0.314159	0.287197	0.337753	0.475454	0.648302	0.628504	0.349385	0.616345	0.446949	0.740934	0.362278	0.351398	0.229290	0.363519	0.402270	0.835660	0.576625	0.246521	0.318865	0.245941	0.245302	0.718394	0.409258	0.161466	0.844202	0.294451	0.615289	0.904257	0.375439	0.322747	0.549512	0.402308	0.610827	0.847070	0.328098	0.475092	0.661728	0.659956	0.341249	0.242767	0.762032	0.824360	0.562456	0.369024	0.410653	0.249488	0.683017	0.537133	0.727363	0.563027	0.364039	0.717261	0.489417	0.757087	0.817875	0.444361	0.158658	0.405691	0.874192	0.395364	0.224154	0.646752	0.529386	0.333359	0.877194	0.302864	0.288136	0.589183	0.860518	0.232261	0.284895	0.766972	0.330192	0.709812	0.830764	0.667005	0.322466	0.321042	0.407008	0.196244	0.843073	0.474387	0.249984	0.275506	0.411312	0.568988	0.226261	0.819225	0.691299	0.663067	0.614162	0.534728	0.241983	0.312191	0.364015	0.845529	0.334387	0.298459	0.255250	0.334386	0.229498	0.249063
TCGA-AB-2819-03A-01D-0741-05	0.324173	0.359625	0.243799	0.655053	0.216743	0.433142	0.480892	0.275641	0.832751	0.266047	0.802071	0.331347	0.432571	0.319016	0.420050	0.395535	0.500120	-0.000000	0.305074	0.683091	0.586611	0.319786	0.390590	0.286895	0.780972	0.482658	0.284815	0.311229	0.317703	0.355896	0.301218	0.271223	0.731767	0.673439	0.671731	0.390632	0.426964	0.941363	0.268075	0.315642	0.386586	0.466015	0.767530	0.475742	0.248136	0.452184	0.521600	0.627201	0.379058	0.284197	0.435645	0.975658	0.787159	0.367284	0.228478	0.465228	0.290590	0.358670	0.834439	0.908609	0.461573	0.516058	0.275936	0.333760	0.507982	0.499702	0.256707	0.925702	0.269393	0.533834	0.981860	0.486016	0.710594	0.464259	0.299456	0.496899	0.413193	0.365413	0.442375	0.268859	0.317514	0.355123	0.283018	0.472054	0.505553	0.260356	0.328266	0.279199	0.255146	0.298119	0.326045	0.347397	0.589125	0.855739	0.791945	0.401467	0.421710	0.266444	0.499052	0.343325	0.303817	0.269862	0.656603	0.383029	0.864319	0.248952	0.377526	0.273935	0.340692	0.666923	0.894566	0.830486	0.622018	0.339998	0.535884	0.649473	0.315840	0.947036	0.289281	0.289374	0.622480	0.459363	0.239725	0.329602	0.434497	0.283578	0.452873	0.530011	0.232155	0.290032	0.579961	0.614001	0.275248	0.309672	0.323717	0.911161	0.326294	0.623307	0.199313	0.425473	0.296544	0.243387	0.594955	0.341574	0.311798	0.259691	0.286572	0.647159	0.475831	0.540991	0.242775	0.739714	0.568780	0.379131	0.426494	0.592630	0.317879	0.425341	0.572330	0.200212	0.278355	0.457715	0.896336	0.346100	0.388841	0.251360	0.267191	0.298499	0.389677	1.026928	0.320386	0.715411	0.268516	0.350830	0.878429	0.774655	0.480402	0.400260	0.499043	0.284198	0.440834	0.298638	0.315939	0.390048	0.646177	0.313589	0.670674	0.312940	0.477095	0.439715	0.898624	0.858292	0.497158	0.418274
TCGA-AB-2820-03A-01D-0741-05	0.290112	0.185839	0.202143	0.493785	0.374983	0.248597	0.596806	0.245072	0.749885	0.283861	1.156750	0.138563	0.402806	0.314336	0.510359	0.376803	0.668248	0.305074	-0.000000	0.622512	0.480465	0.259002	0.497390	0.266474	0.828546	0.645155	0.214978	0.286228	0.264514	0.228989	0.214234	0.218647	0.785391	0.749176	0.875198	0.636586	0.415532	1.069994	0.267218	0.229447	0.368545	0.318152	0.860861	0.519701	0.211494	0.242512	0.360748	0.589327	0.447774	0.239038	0.380219	0.988779	0.836717	0.302929	0.171623	0.445159	0.161265	0.414472	0.738996	0.960389	0.427946	0.393557	0.278788	0.236223	0.477873	0.372525	0.231218	1.065261	0.311820	0.715589	0.960268	0.338337	0.676164	0.757136	0.234209	0.272409	0.379224	0.416142	0.345274	0.338619	0.221100	0.302000	0.260034	0.365744	0.353783	0.272973	0.259620	0.257592	0.264517	0.292822	0.276646	0.322140	0.571218	0.807186	0.741982	0.302924	0.198740	0.277527	0.451240	0.222818	0.332311	0.166313	0.580248	0.408727	0.955877	0.479673	0.369980	0.171711	0.201352	0.839772	0.852596	0.849484	0.788544	0.280168	0.386319	0.901905	0.286304	0.938926	0.210406	0.229543	0.454716	0.465317	0.362157	0.477374	0.189817	0.248838	0.351939	0.365108	0.179049	0.165163	0.638000	0.743600	0.283525	0.191854	0.181119	0.845209	0.354008	0.682033	0.304713	0.252198	0.198345	0.297004	0.548326	0.228161	0.265807	0.212721	0.267662	0.461931	0.638478	0.395874	0.253713	0.572336	0.683228	0.263951	0.457745	0.517855	0.209796	0.416478	0.583085	0.289109	0.217591	0.494292	0.947907	0.221003	0.576297	0.211475	0.197260	0.244505	0.398626	1.057760	0.416254	0.785464	0.228654	0.363460	0.946409	0.826150	0.365896	0.319054	0.537097	0.216087	0.184437	0.200147	0.229449	0.252324	0.830487	0.386640	0.580845	0.173651	0.432703	0.468176	0.992717	0.916124	0.552735	0.592246
